%%MatrixMarket matrix coordinate real general
% Generated 08-Mar-2013
1000 1000 477
40 45  1
44 50  1
81 82  1
26 89  1
94 113  1
61 116  1
112 124  1
26 126  1
60 131  1
75 133  1
71 139  1
36 142  1
49 148  1
61 149  1
112 153  1
145 154  1
113 157  1
141 160  1
41 162  1
112 162  1
118 162  1
115 165  1
166 167  1
39 168  1
124 171  1
11 182  1
51 182  1
163 188  1
17 191  1
42 195  1
9 205  1
175 207  1
77 223  1
158 234  1
167 234  1
43 236  1
207 237  1
67 240  1
43 246  1
123 255  1
158 263  1
66 265  1
225 265  1
32 266  1
82 267  1
63 273  1
156 276  1
277 282  1
80 284  1
120 290  1
7 291  1
290 291  1
145 293  1
191 294  1
247 300  1
62 303  1
56 309  1
180 312  1
116 314  1
179 317  1
65 318  1
143 323  1
76 325  1
10 333  1
8 334  1
247 335  1
247 336  1
211 338  1
241 338  1
60 341  1
281 341  1
107 343  1
278 343  1
341 347  1
144 350  1
195 350  1
170 361  1
201 362  1
95 364  1
53 368  1
278 371  1
200 372  1
273 377  1
215 378  1
325 380  1
10 383  1
363 385  1
82 387  1
46 389  1
212 392  1
244 393  1
180 394  1
8 396  1
242 400  1
263 402  1
8 404  1
350 407  1
140 410  1
172 415  1
30 417  1
214 419  1
238 419  1
320 421  1
270 427  1
411 431  1
25 437  1
379 437  1
421 437  1
32 442  1
10 444  1
95 448  1
201 448  1
54 449  1
50 454  1
391 458  1
359 459  1
36 462  1
87 465  1
375 468  1
35 469  1
344 469  1
381 472  1
156 474  1
9 477  1
375 477  1
285 479  1
138 480  1
43 481  1
86 484  1
465 485  1
175 486  1
463 486  1
361 490  1
416 490  1
396 492  1
42 493  1
14 494  1
4 497  1
196 497  1
195 498  1
334 501  1
71 504  1
214 504  1
296 508  1
102 509  1
341 512  1
30 514  1
355 515  1
503 516  1
201 517  1
503 522  1
264 523  1
37 524  1
486 526  1
223 535  1
294 540  1
6 545  1
250 546  1
48 547  1
260 547  1
452 548  1
415 550  1
107 554  1
314 555  1
524 555  1
558 559  1
337 560  1
368 560  1
56 564  1
225 566  1
88 568  1
205 572  1
80 574  1
69 578  1
314 579  1
300 582  1
7 583  1
254 586  1
542 587  1
156 591  1
199 592  1
261 594  1
557 595  1
151 598  1
557 600  1
111 604  1
259 604  1
135 605  1
456 607  1
443 615  1
505 615  1
195 616  1
213 616  1
33 618  1
62 621  1
167 622  1
622 623  1
335 624  1
485 625  1
260 626  1
57 627  1
324 627  1
99 628  1
93 630  1
508 631  1
430 632  1
363 634  1
318 638  1
629 639  1
615 640  1
204 650  1
264 652  1
507 653  1
5 657  1
27 659  1
195 664  1
405 666  1
576 668  1
5 669  1
471 669  1
277 670  1
513 672  1
183 674  1
237 675  1
121 676  1
251 676  1
229 677  1
267 680  1
499 680  1
660 681  1
91 682  1
313 682  1
364 683  1
471 684  1
302 685  1
353 685  1
213 686  1
18 689  1
240 694  1
468 694  1
449 695  1
649 697  1
202 698  1
155 699  1
103 700  1
454 703  1
677 707  1
187 708  1
690 710  1
221 711  1
243 711  1
698 711  1
75 712  1
420 713  1
144 715  1
350 720  1
260 721  1
314 724  1
627 725  1
625 727  1
537 729  1
199 731  1
412 733  1
715 733  1
276 737  1
310 738  1
635 742  1
668 742  1
707 743  1
194 746  1
219 746  1
680 746  1
635 750  1
123 751  1
726 752  1
321 755  1
160 757  1
286 757  1
485 759  1
748 760  1
52 764  1
608 766  1
260 769  1
601 769  1
506 770  1
52 774  1
733 775  1
619 784  1
466 785  1
68 786  1
171 786  1
304 789  1
143 792  1
479 793  1
486 793  1
303 798  1
346 798  1
441 798  1
157 800  1
201 803  1
287 804  1
232 805  1
26 806  1
717 807  1
367 818  1
689 819  1
39 824  1
330 824  1
135 827  1
671 828  1
71 829  1
167 829  1
452 831  1
290 832  1
500 833  1
509 839  1
566 839  1
777 839  1
585 842  1
319 843  1
582 844  1
58 846  1
637 846  1
839 847  1
691 849  1
515 850  1
282 851  1
659 851  1
100 853  1
342 853  1
553 853  1
573 853  1
654 853  1
88 855  1
254 855  1
358 855  1
391 855  1
519 856  1
447 858  1
859 860  1
386 861  1
364 863  1
538 864  1
776 865  1
823 865  1
55 866  1
836 866  1
2 868  1
280 868  1
96 869  1
650 869  1
767 869  1
774 869  1
840 870  1
574 872  1
108 873  1
538 879  1
710 880  1
31 883  1
455 883  1
799 883  1
808 883  1
289 884  1
68 887  1
856 887  1
190 888  1
286 888  1
252 889  1
488 889  1
511 889  1
123 890  1
460 891  1
67 892  1
341 892  1
573 893  1
64 894  1
54 895  1
842 896  1
868 896  1
244 897  1
331 898  1
479 898  1
560 898  1
371 901  1
633 907  1
626 908  1
116 911  1
45 913  1
463 915  1
776 915  1
607 916  1
706 916  1
502 917  1
148 918  1
199 918  1
228 918  1
696 918  1
719 919  1
780 920  1
353 922  1
490 922  1
498 922  1
289 925  1
319 925  1
8 927  1
155 927  1
404 927  1
674 927  1
806 927  1
905 927  1
908 927  1
690 929  1
465 931  1
687 931  1
325 934  1
204 935  1
676 935  1
734 936  1
1 937  1
63 937  1
309 937  1
104 941  1
35 944  1
347 945  1
577 945  1
59 946  1
672 948  1
906 950  1
510 951  1
360 952  1
605 953  1
722 953  1
626 954  1
638 954  1
441 956  1
503 957  1
247 958  1
161 959  1
294 959  1
451 959  1
477 959  1
736 959  1
844 959  1
43 960  1
638 962  1
65 963  1
512 963  1
701 963  1
632 966  1
335 967  1
242 968  1
588 970  1
912 972  1
382 973  1
702 973  1
185 977  1
253 978  1
317 979  1
742 982  1
821 986  1
342 987  1
921 987  1
964 987  1
270 990  1
906 990  1
710 991  1
519 992  1
142 993  1
254 994  1
816 994  1
956 994  1
158 995  1
229 996  1
734 996  1
784 996  1
310 997  1
555 999  1
