%%MatrixMarket matrix coordinate real general
% Generated 08-Mar-2013
1000 1000 473
25 31  1
27 63  1
62 81  1
35 95  1
4 99  1
32 102  1
126 128  1
6 134  1
22 139  1
82 141  1
91 141  1
105 145  1
64 148  1
67 152  1
132 156  1
11 167  1
156 172  1
64 175  1
139 176  1
80 183  1
53 200  1
21 203  1
100 208  1
21 214  1
116 218  1
5 240  1
51 241  1
5 244  1
215 247  1
220 260  1
230 263  1
15 273  1
89 277  1
166 277  1
2 282  1
251 288  1
211 299  1
6 301  1
90 304  1
75 306  1
49 308  1
158 308  1
112 313  1
7 315  1
40 322  1
118 322  1
112 327  1
92 328  1
177 329  1
36 330  1
227 330  1
254 332  1
77 335  1
169 337  1
282 344  1
191 346  1
288 354  1
291 356  1
134 357  1
245 357  1
296 360  1
63 371  1
269 379  1
157 381  1
339 383  1
348 383  1
257 386  1
331 389  1
333 394  1
91 398  1
367 398  1
361 400  1
244 403  1
138 405  1
350 405  1
144 407  1
82 409  1
306 411  1
334 412  1
128 414  1
105 415  1
127 417  1
222 424  1
49 428  1
328 429  1
88 433  1
69 438  1
273 442  1
89 443  1
165 443  1
256 443  1
29 444  1
289 444  1
443 444  1
132 448  1
25 453  1
404 455  1
434 455  1
421 457  1
383 458  1
261 465  1
117 467  1
119 471  1
254 471  1
129 473  1
131 474  1
364 475  1
98 478  1
309 478  1
253 482  1
179 483  1
164 489  1
96 492  1
152 492  1
92 494  1
323 496  1
438 502  1
256 505  1
88 506  1
299 508  1
104 511  1
281 519  1
68 521  1
521 523  1
278 527  1
203 528  1
445 529  1
155 533  1
520 534  1
310 535  1
389 535  1
479 543  1
433 544  1
19 547  1
257 548  1
512 552  1
107 554  1
308 556  1
510 557  1
27 560  1
382 562  1
414 565  1
272 566  1
408 566  1
154 568  1
124 571  1
391 572  1
470 573  1
518 574  1
485 579  1
275 581  1
228 583  1
80 584  1
258 584  1
324 584  1
293 585  1
492 589  1
27 590  1
435 593  1
7 598  1
365 599  1
68 600  1
364 602  1
294 603  1
94 604  1
561 604  1
289 605  1
136 608  1
535 608  1
551 608  1
511 613  1
107 614  1
78 618  1
419 619  1
492 619  1
228 624  1
496 624  1
548 625  1
55 626  1
482 626  1
351 627  1
249 629  1
329 632  1
516 636  1
170 637  1
454 637  1
634 637  1
599 638  1
367 640  1
591 642  1
82 643  1
593 649  1
535 650  1
233 651  1
490 651  1
550 651  1
600 653  1
84 654  1
315 654  1
582 656  1
157 657  1
171 659  1
550 660  1
32 662  1
120 665  1
380 665  1
176 666  1
384 666  1
145 667  1
366 667  1
22 668  1
458 670  1
325 671  1
58 672  1
394 673  1
93 674  1
458 677  1
91 681  1
648 682  1
23 683  1
209 683  1
385 685  1
264 686  1
623 687  1
655 687  1
509 690  1
617 693  1
199 694  1
393 695  1
272 699  1
271 700  1
359 702  1
230 704  1
68 706  1
218 708  1
470 708  1
256 711  1
441 711  1
58 712  1
287 712  1
473 713  1
392 714  1
77 715  1
318 715  1
538 715  1
715 717  1
396 718  1
69 721  1
333 724  1
89 729  1
246 731  1
97 732  1
333 732  1
714 732  1
706 736  1
93 738  1
137 738  1
369 740  1
495 742  1
296 743  1
642 743  1
678 744  1
307 746  1
310 747  1
311 749  1
127 752  1
173 754  1
548 754  1
570 757  1
589 757  1
422 758  1
593 760  1
473 763  1
336 765  1
376 766  1
552 767  1
472 769  1
719 770  1
349 771  1
748 773  1
486 775  1
328 778  1
408 782  1
266 783  1
281 783  1
302 785  1
84 789  1
529 789  1
625 789  1
234 790  1
373 793  1
91 794  1
502 801  1
267 803  1
486 804  1
747 804  1
316 805  1
597 805  1
787 807  1
717 809  1
206 810  1
681 810  1
747 811  1
655 812  1
225 813  1
627 816  1
34 817  1
376 817  1
397 819  1
4 820  1
566 820  1
783 821  1
83 822  1
491 823  1
302 824  1
127 825  1
303 827  1
703 827  1
93 828  1
622 828  1
469 829  1
372 833  1
116 835  1
614 835  1
449 836  1
85 840  1
705 840  1
61 843  1
276 844  1
279 844  1
356 845  1
791 845  1
782 846  1
7 852  1
371 852  1
219 853  1
30 854  1
567 855  1
4 857  1
446 858  1
836 860  1
45 861  1
193 861  1
735 862  1
531 867  1
760 870  1
67 871  1
274 871  1
118 873  1
360 873  1
173 874  1
301 874  1
106 875  1
216 879  1
70 880  1
774 882  1
190 883  1
373 883  1
553 884  1
625 885  1
450 887  1
550 887  1
875 890  1
484 891  1
637 892  1
434 894  1
495 895  1
474 896  1
792 896  1
842 897  1
211 898  1
46 899  1
196 899  1
530 899  1
159 902  1
783 902  1
403 903  1
861 903  1
676 906  1
729 908  1
844 910  1
388 911  1
582 916  1
629 916  1
514 917  1
530 917  1
192 918  1
72 920  1
516 920  1
292 921  1
443 921  1
113 922  1
661 923  1
77 927  1
890 928  1
197 929  1
269 930  1
630 933  1
78 934  1
723 934  1
891 934  1
547 936  1
260 938  1
685 938  1
809 939  1
169 941  1
350 941  1
593 941  1
842 941  1
257 942  1
380 942  1
714 942  1
916 942  1
32 944  1
58 944  1
220 944  1
109 946  1
822 946  1
880 946  1
578 947  1
57 949  1
933 949  1
280 950  1
282 950  1
893 950  1
136 951  1
478 954  1
789 955  1
493 957  1
445 958  1
169 959  1
478 959  1
924 960  1
382 961  1
150 962  1
388 964  1
862 966  1
207 967  1
622 967  1
175 968  1
699 968  1
506 971  1
481 972  1
773 972  1
11 974  1
524 975  1
825 975  1
899 976  1
233 977  1
272 977  1
326 977  1
331 977  1
243 979  1
646 981  1
840 982  1
304 984  1
491 984  1
982 984  1
19 985  1
111 985  1
792 986  1
343 987  1
738 987  1
263 988  1
523 988  1
222 992  1
85 994  1
533 994  1
702 996  1
22 997  1
246 997  1
682 997  1
628 1000  1
