%%MatrixMarket matrix coordinate real general
% Generated 04-Mar-2013
1000 1000 505
62 81  1
75 104  1
11 108  1
5 121  1
108 122  1
48 128  1
128 129  1
41 131  1
79 131  1
4 134  1
49 166  1
10 167  1
70 167  1
7 169  1
70 179  1
98 182  1
61 185  1
76 193  1
155 196  1
75 199  1
12 214  1
134 215  1
96 218  1
96 222  1
7 230  1
153 230  1
166 246  1
152 248  1
207 249  1
171 251  1
15 258  1
79 263  1
215 269  1
41 274  1
153 274  1
103 279  1
234 298  1
197 302  1
180 305  1
108 306  1
30 308  1
233 308  1
217 313  1
150 322  1
3 328  1
3 333  1
256 333  1
163 334  1
28 335  1
256 337  1
6 342  1
211 350  1
345 351  1
249 356  1
193 364  1
350 364  1
18 370  1
111 374  1
210 376  1
24 378  1
226 378  1
131 379  1
191 380  1
294 381  1
219 382  1
374 382  1
314 385  1
27 387  1
382 392  1
195 393  1
77 396  1
371 396  1
272 398  1
224 399  1
335 399  1
388 399  1
302 400  1
66 402  1
387 405  1
21 408  1
185 408  1
96 412  1
128 412  1
116 414  1
265 415  1
102 418  1
330 430  1
126 433  1
293 433  1
86 435  1
205 435  1
281 436  1
274 442  1
137 444  1
136 445  1
337 445  1
278 446  1
430 452  1
444 452  1
60 458  1
213 459  1
397 461  1
430 461  1
102 466  1
99 469  1
199 469  1
51 470  1
165 471  1
263 471  1
408 473  1
407 476  1
443 479  1
272 488  1
115 489  1
101 496  1
188 498  1
380 498  1
497 498  1
420 499  1
104 500  1
163 501  1
330 502  1
200 503  1
71 505  1
155 506  1
506 507  1
475 508  1
176 509  1
260 511  1
121 515  1
1 517  1
185 517  1
392 528  1
513 528  1
221 531  1
48 532  1
190 532  1
23 538  1
74 538  1
35 539  1
145 541  1
172 541  1
179 541  1
445 544  1
231 545  1
283 545  1
268 547  1
407 552  1
68 555  1
383 555  1
438 555  1
55 556  1
273 560  1
175 563  1
558 565  1
369 568  1
213 569  1
271 571  1
227 575  1
257 577  1
443 582  1
339 583  1
151 589  1
305 592  1
582 596  1
27 597  1
257 598  1
413 599  1
500 600  1
521 600  1
586 600  1
5 601  1
344 605  1
330 607  1
7 609  1
413 609  1
492 609  1
488 613  1
240 614  1
538 615  1
43 617  1
434 619  1
120 622  1
543 623  1
513 627  1
558 627  1
601 631  1
567 639  1
264 640  1
567 640  1
633 640  1
37 641  1
380 641  1
90 642  1
582 644  1
224 645  1
367 649  1
293 650  1
653 654  1
390 655  1
107 660  1
423 660  1
343 662  1
384 662  1
176 666  1
396 670  1
313 671  1
144 673  1
445 673  1
254 674  1
297 676  1
608 677  1
434 678  1
678 679  1
326 681  1
46 685  1
378 687  1
288 689  1
440 689  1
15 691  1
470 692  1
30 693  1
643 694  1
228 695  1
354 695  1
512 696  1
668 696  1
4 697  1
50 697  1
652 697  1
654 697  1
257 701  1
420 701  1
651 701  1
199 703  1
278 705  1
458 705  1
592 707  1
56 710  1
456 711  1
241 715  1
515 716  1
279 718  1
193 719  1
372 721  1
582 721  1
124 722  1
580 724  1
187 725  1
570 727  1
563 731  1
717 732  1
47 733  1
65 736  1
626 736  1
145 738  1
96 739  1
600 741  1
337 745  1
342 745  1
597 749  1
498 750  1
67 751  1
224 753  1
432 753  1
708 753  1
305 755  1
365 755  1
79 760  1
283 760  1
392 763  1
434 763  1
756 764  1
557 765  1
567 765  1
567 766  1
45 767  1
55 769  1
40 771  1
57 772  1
309 773  1
692 773  1
76 774  1
94 775  1
196 775  1
244 775  1
299 776  1
628 776  1
99 777  1
469 777  1
48 779  1
238 779  1
360 779  1
375 779  1
513 779  1
650 779  1
759 779  1
167 780  1
212 781  1
322 781  1
494 781  1
600 784  1
58 785  1
143 786  1
392 786  1
771 787  1
17 789  1
276 789  1
124 790  1
726 790  1
68 797  1
131 797  1
605 798  1
671 798  1
347 799  1
259 800  1
584 800  1
412 801  1
225 803  1
416 803  1
37 805  1
239 806  1
607 806  1
3 807  1
319 807  1
285 808  1
206 809  1
300 809  1
168 814  1
64 815  1
246 816  1
520 816  1
757 817  1
111 818  1
149 818  1
338 820  1
188 821  1
676 821  1
276 823  1
149 826  1
313 826  1
509 826  1
285 829  1
692 829  1
304 833  1
774 834  1
380 835  1
387 837  1
571 837  1
807 838  1
813 838  1
134 839  1
76 840  1
153 843  1
835 843  1
380 846  1
548 846  1
497 848  1
29 851  1
633 851  1
129 852  1
314 856  1
570 856  1
81 858  1
420 858  1
559 859  1
732 860  1
223 861  1
456 861  1
611 861  1
359 865  1
784 865  1
80 866  1
835 866  1
579 867  1
522 870  1
386 871  1
425 874  1
664 874  1
808 875  1
338 876  1
22 878  1
446 878  1
814 878  1
800 879  1
140 881  1
297 881  1
503 881  1
520 881  1
347 887  1
820 888  1
345 890  1
182 892  1
371 892  1
699 892  1
703 892  1
842 892  1
201 893  1
620 894  1
495 895  1
656 896  1
469 898  1
534 898  1
655 898  1
538 899  1
600 899  1
835 900  1
102 901  1
274 901  1
76 903  1
464 904  1
521 905  1
603 905  1
156 907  1
873 908  1
75 909  1
444 909  1
569 910  1
328 911  1
692 911  1
118 913  1
460 914  1
14 915  1
812 916  1
309 917  1
263 921  1
648 923  1
733 923  1
190 925  1
582 925  1
624 925  1
842 930  1
560 931  1
319 932  1
373 932  1
716 933  1
765 933  1
100 934  1
307 935  1
10 936  1
406 936  1
38 939  1
640 939  1
923 940  1
318 942  1
338 942  1
835 946  1
897 946  1
177 947  1
537 947  1
24 949  1
453 949  1
9 953  1
386 954  1
534 954  1
414 955  1
574 956  1
108 957  1
116 957  1
284 957  1
544 957  1
355 959  1
122 962  1
5 964  1
329 964  1
449 966  1
880 966  1
630 968  1
723 970  1
735 971  1
768 971  1
872 972  1
922 972  1
164 973  1
812 973  1
390 975  1
770 975  1
386 977  1
324 978  1
749 978  1
138 979  1
101 980  1
554 981  1
886 981  1
751 982  1
731 983  1
343 984  1
809 984  1
869 984  1
103 985  1
794 986  1
712 987  1
311 988  1
894 988  1
149 989  1
2 993  1
152 995  1
201 995  1
281 995  1
702 995  1
459 996  1
584 996  1
837 997  1
496 1000  1
781 1000  1
