%%MatrixMarket matrix coordinate real general
% Generated 04-Mar-2013
1000 1000 478
4 33  1
78 89  1
10 90  1
19 97  1
39 100  1
40 122  1
43 127  1
103 138  1
20 142  1
35 142  1
98 144  1
31 156  1
60 157  1
41 161  1
145 170  1
2 180  1
172 182  1
1 205  1
30 214  1
151 216  1
154 219  1
49 222  1
198 227  1
198 231  1
165 234  1
29 238  1
35 238  1
32 242  1
34 242  1
43 244  1
119 247  1
236 247  1
59 260  1
187 260  1
72 266  1
186 271  1
224 273  1
209 278  1
102 280  1
85 281  1
46 286  1
118 290  1
107 294  1
190 296  1
113 297  1
295 300  1
97 306  1
136 306  1
44 313  1
130 313  1
289 313  1
253 314  1
57 316  1
253 319  1
301 328  1
189 341  1
28 342  1
114 344  1
164 346  1
178 348  1
309 356  1
255 358  1
286 359  1
215 361  1
235 367  1
338 375  1
50 377  1
350 377  1
104 378  1
118 384  1
160 387  1
29 388  1
54 391  1
297 393  1
51 395  1
79 395  1
210 395  1
247 395  1
252 395  1
206 404  1
65 406  1
207 408  1
389 408  1
77 414  1
137 414  1
154 415  1
323 415  1
308 416  1
45 417  1
158 420  1
99 424  1
305 431  1
430 437  1
336 439  1
428 439  1
211 441  1
29 443  1
402 443  1
245 445  1
328 447  1
240 451  1
434 451  1
110 452  1
77 455  1
231 458  1
430 461  1
268 466  1
217 471  1
144 472  1
47 474  1
114 477  1
300 477  1
343 477  1
220 480  1
1 482  1
61 482  1
112 485  1
175 486  1
318 489  1
173 490  1
484 490  1
122 492  1
300 493  1
480 493  1
74 495  1
440 498  1
459 500  1
104 502  1
128 502  1
185 505  1
13 506  1
94 508  1
273 509  1
214 510  1
378 510  1
456 511  1
182 513  1
344 517  1
348 517  1
19 521  1
280 522  1
21 526  1
129 528  1
82 530  1
340 535  1
451 538  1
203 539  1
165 540  1
447 542  1
479 543  1
93 546  1
254 549  1
396 549  1
274 551  1
332 553  1
130 557  1
39 559  1
218 559  1
327 559  1
145 562  1
305 564  1
201 565  1
197 569  1
487 570  1
88 571  1
519 571  1
358 572  1
70 576  1
572 577  1
152 578  1
565 578  1
440 580  1
576 583  1
185 590  1
204 592  1
103 594  1
449 594  1
199 597  1
469 597  1
90 598  1
104 602  1
187 602  1
159 603  1
509 606  1
253 607  1
297 607  1
395 607  1
16 609  1
480 611  1
531 614  1
280 617  1
334 617  1
312 618  1
446 618  1
592 618  1
501 619  1
384 623  1
207 625  1
245 627  1
304 627  1
45 631  1
223 631  1
115 637  1
126 638  1
240 640  1
405 645  1
346 649  1
55 651  1
441 653  1
105 654  1
192 657  1
98 660  1
221 660  1
570 663  1
101 668  1
444 669  1
380 670  1
123 673  1
564 677  1
58 679  1
164 680  1
554 680  1
101 681  1
592 683  1
227 684  1
386 684  1
574 685  1
247 686  1
577 686  1
437 687  1
544 687  1
236 691  1
269 694  1
323 694  1
275 695  1
653 695  1
201 696  1
75 698  1
6 699  1
466 701  1
700 701  1
476 703  1
333 705  1
188 707  1
516 710  1
630 710  1
326 713  1
407 714  1
592 714  1
330 719  1
574 721  1
97 726  1
86 730  1
469 731  1
165 733  1
587 735  1
182 736  1
110 738  1
34 741  1
34 742  1
266 743  1
271 744  1
447 751  1
61 752  1
750 752  1
88 753  1
541 753  1
471 759  1
101 764  1
598 764  1
22 767  1
178 771  1
684 772  1
328 774  1
333 774  1
478 774  1
318 776  1
170 787  1
657 787  1
107 790  1
291 791  1
43 792  1
380 792  1
422 793  1
26 794  1
165 795  1
129 798  1
562 798  1
370 799  1
548 799  1
331 800  1
342 803  1
643 803  1
295 805  1
317 805  1
75 806  1
248 806  1
278 807  1
590 807  1
110 811  1
159 811  1
735 813  1
502 819  1
335 822  1
527 822  1
796 823  1
370 824  1
692 824  1
340 825  1
678 825  1
285 826  1
293 826  1
775 828  1
201 829  1
408 832  1
556 832  1
763 833  1
44 837  1
37 839  1
13 840  1
180 842  1
441 842  1
304 843  1
388 844  1
658 844  1
403 847  1
693 848  1
184 850  1
669 850  1
644 851  1
312 852  1
331 853  1
715 853  1
368 854  1
344 857  1
303 859  1
494 859  1
256 860  1
36 863  1
592 863  1
179 864  1
514 866  1
192 869  1
452 869  1
510 872  1
312 876  1
661 878  1
504 880  1
255 881  1
583 881  1
509 883  1
581 883  1
403 884  1
196 886  1
347 886  1
535 886  1
24 887  1
309 887  1
365 887  1
612 887  1
268 890  1
844 891  1
521 892  1
564 894  1
616 895  1
295 896  1
473 896  1
205 898  1
427 898  1
393 899  1
674 901  1
878 901  1
629 903  1
120 904  1
626 904  1
1 905  1
900 905  1
575 906  1
128 908  1
171 911  1
171 912  1
92 914  1
476 914  1
669 914  1
187 915  1
268 915  1
178 916  1
226 916  1
763 918  1
779 918  1
476 919  1
564 920  1
193 921  1
670 921  1
90 923  1
425 923  1
285 924  1
440 924  1
619 925  1
314 927  1
170 928  1
474 929  1
819 929  1
870 930  1
251 931  1
710 931  1
802 931  1
503 933  1
663 934  1
757 937  1
359 938  1
73 939  1
340 939  1
839 939  1
605 944  1
585 945  1
410 946  1
550 946  1
726 947  1
701 949  1
165 950  1
301 950  1
114 951  1
183 952  1
263 952  1
44 954  1
82 956  1
715 956  1
24 958  1
84 960  1
112 960  1
182 960  1
384 960  1
642 960  1
794 961  1
833 964  1
902 964  1
319 965  1
698 966  1
868 966  1
123 967  1
593 967  1
78 968  1
234 968  1
26 969  1
490 971  1
518 971  1
685 972  1
908 972  1
435 973  1
122 975  1
160 975  1
630 975  1
835 975  1
714 977  1
185 978  1
433 978  1
612 981  1
263 983  1
646 983  1
705 984  1
927 984  1
100 985  1
910 985  1
860 988  1
21 989  1
680 989  1
736 990  1
139 991  1
423 992  1
147 993  1
290 993  1
504 993  1
387 994  1
986 994  1
767 995  1
216 997  1
710 999  1
