%%MatrixMarket matrix coordinate real general
% Generated 04-Mar-2013
1000 1000 539
4 13  1
15 25  1
13 30  1
42 82  1
78 90  1
38 92  1
70 94  1
78 95  1
112 119  1
57 129  1
124 133  1
17 135  1
126 143  1
34 144  1
102 145  1
27 154  1
131 157  1
7 159  1
136 159  1
60 162  1
117 163  1
33 164  1
22 182  1
64 184  1
150 185  1
81 188  1
188 191  1
101 203  1
23 207  1
174 208  1
70 211  1
2 215  1
142 219  1
224 225  1
32 226  1
206 230  1
222 238  1
146 240  1
69 248  1
106 253  1
208 255  1
34 264  1
108 265  1
18 267  1
75 267  1
240 268  1
142 272  1
221 273  1
51 274  1
89 287  1
74 292  1
76 292  1
113 300  1
31 308  1
52 315  1
312 315  1
60 320  1
162 322  1
49 326  1
263 326  1
82 328  1
166 328  1
274 328  1
279 328  1
57 330  1
110 331  1
168 332  1
82 335  1
223 340  1
285 340  1
307 344  1
109 350  1
330 354  1
246 355  1
6 362  1
97 364  1
6 365  1
232 365  1
333 372  1
35 375  1
150 375  1
62 386  1
387 395  1
374 396  1
13 398  1
75 402  1
268 405  1
339 407  1
35 410  1
155 410  1
232 410  1
85 413  1
145 415  1
163 415  1
94 416  1
98 424  1
397 434  1
110 437  1
219 439  1
356 439  1
241 445  1
39 449  1
349 456  1
233 458  1
292 458  1
202 465  1
457 466  1
190 468  1
130 471  1
453 473  1
114 474  1
258 474  1
239 476  1
81 484  1
72 485  1
66 492  1
37 493  1
340 493  1
153 494  1
117 496  1
462 497  1
261 503  1
477 503  1
330 504  1
17 505  1
114 506  1
151 508  1
438 509  1
252 512  1
172 515  1
64 516  1
294 517  1
396 521  1
1 525  1
177 528  1
473 529  1
484 529  1
88 530  1
68 533  1
107 535  1
133 538  1
445 539  1
340 540  1
506 540  1
31 541  1
474 542  1
406 545  1
490 545  1
491 545  1
535 546  1
156 547  1
190 547  1
529 547  1
425 549  1
515 549  1
45 552  1
76 554  1
200 557  1
446 557  1
335 558  1
371 558  1
391 558  1
8 559  1
250 559  1
203 564  1
429 565  1
457 565  1
33 569  1
155 570  1
235 570  1
79 572  1
555 572  1
310 578  1
62 579  1
182 581  1
329 581  1
360 585  1
436 588  1
553 590  1
454 594  1
188 595  1
289 595  1
208 596  1
417 597  1
181 599  1
352 599  1
119 602  1
246 602  1
171 604  1
212 604  1
273 605  1
143 606  1
387 607  1
269 612  1
232 614  1
451 615  1
562 615  1
602 615  1
472 616  1
598 617  1
291 618  1
515 618  1
130 620  1
389 621  1
93 622  1
212 622  1
533 622  1
420 623  1
499 625  1
615 625  1
128 628  1
181 629  1
580 630  1
133 635  1
27 636  1
378 637  1
406 637  1
70 638  1
188 639  1
28 643  1
463 643  1
454 644  1
501 645  1
95 648  1
587 648  1
205 649  1
216 650  1
466 652  1
20 654  1
176 654  1
347 654  1
450 655  1
182 657  1
452 657  1
132 658  1
47 659  1
141 663  1
376 663  1
84 665  1
141 665  1
470 665  1
55 667  1
243 667  1
335 667  1
549 667  1
563 668  1
290 669  1
352 669  1
558 670  1
243 672  1
279 674  1
384 675  1
132 678  1
590 679  1
59 680  1
41 683  1
201 684  1
334 686  1
608 686  1
72 688  1
184 688  1
277 688  1
151 689  1
609 689  1
190 690  1
437 693  1
189 694  1
89 695  1
622 697  1
292 700  1
129 702  1
410 703  1
529 703  1
350 706  1
543 708  1
386 709  1
626 710  1
369 713  1
30 715  1
357 715  1
461 715  1
403 718  1
701 718  1
536 719  1
610 719  1
327 722  1
248 726  1
76 728  1
17 730  1
139 730  1
359 733  1
643 734  1
344 736  1
327 742  1
289 743  1
457 743  1
345 744  1
690 744  1
573 745  1
37 746  1
78 746  1
106 748  1
172 748  1
594 748  1
204 749  1
223 751  1
700 751  1
2 755  1
734 755  1
496 756  1
509 756  1
293 757  1
384 762  1
420 764  1
411 766  1
277 769  1
134 772  1
135 772  1
629 774  1
413 776  1
469 778  1
556 779  1
281 782  1
734 782  1
499 783  1
403 785  1
254 786  1
481 786  1
18 787  1
705 787  1
516 789  1
764 791  1
180 792  1
707 792  1
426 793  1
748 793  1
596 794  1
111 795  1
758 795  1
409 796  1
344 797  1
689 797  1
122 798  1
454 800  1
526 802  1
269 804  1
312 804  1
106 807  1
210 807  1
19 808  1
696 808  1
570 809  1
329 810  1
550 811  1
313 812  1
685 812  1
536 816  1
61 817  1
195 819  1
551 820  1
31 821  1
285 821  1
309 822  1
591 822  1
52 823  1
599 823  1
337 827  1
539 828  1
596 828  1
563 830  1
646 832  1
239 833  1
24 834  1
166 834  1
752 835  1
704 838  1
627 840  1
712 840  1
20 842  1
215 844  1
511 844  1
177 845  1
38 846  1
524 847  1
545 847  1
778 848  1
635 849  1
146 851  1
329 851  1
669 851  1
152 853  1
82 855  1
469 855  1
289 859  1
759 859  1
196 861  1
492 861  1
730 863  1
36 865  1
576 865  1
841 866  1
119 867  1
621 867  1
167 868  1
545 869  1
729 871  1
212 873  1
747 874  1
567 875  1
656 875  1
628 877  1
129 878  1
28 880  1
657 880  1
659 882  1
686 883  1
266 890  1
410 890  1
45 891  1
646 891  1
500 892  1
611 892  1
167 893  1
334 894  1
241 895  1
690 897  1
12 899  1
556 900  1
143 904  1
353 904  1
587 905  1
124 907  1
169 908  1
358 908  1
784 908  1
390 909  1
741 909  1
902 910  1
167 911  1
172 911  1
40 912  1
349 912  1
432 912  1
890 912  1
690 913  1
31 914  1
324 915  1
439 915  1
2 917  1
891 917  1
403 918  1
225 919  1
175 920  1
64 921  1
669 921  1
745 923  1
220 924  1
634 925  1
67 928  1
330 928  1
519 928  1
771 929  1
823 931  1
240 933  1
911 933  1
288 934  1
403 934  1
299 935  1
406 935  1
515 936  1
291 937  1
735 938  1
826 940  1
381 941  1
169 944  1
123 945  1
215 945  1
505 945  1
130 947  1
197 947  1
791 947  1
828 948  1
69 956  1
76 956  1
718 957  1
72 958  1
255 958  1
808 958  1
348 962  1
862 962  1
131 963  1
412 966  1
897 966  1
366 967  1
731 967  1
6 969  1
204 969  1
650 970  1
703 970  1
87 972  1
412 972  1
544 973  1
895 973  1
718 975  1
111 978  1
216 978  1
473 978  1
568 978  1
602 979  1
743 979  1
509 980  1
931 980  1
978 980  1
955 981  1
638 982  1
830 982  1
487 984  1
921 984  1
897 985  1
166 988  1
169 988  1
167 989  1
689 989  1
322 990  1
469 990  1
320 991  1
768 991  1
93 993  1
331 993  1
798 993  1
205 994  1
213 996  1
314 996  1
277 998  1
912 998  1
80 1000  1
205 1000  1
555 1000  1
733 1000  1
