%%MatrixMarket matrix coordinate real general
% Generated 04-Mar-2013
1000 1000 561
40 61  1
33 62  1
15 67  1
14 79  1
25 87  1
6 95  1
69 120  1
34 126  1
112 128  1
116 128  1
47 152  1
71 155  1
136 165  1
75 175  1
176 178  1
26 181  1
159 184  1
189 191  1
113 194  1
65 195  1
121 195  1
13 199  1
12 203  1
154 206  1
132 207  1
123 208  1
56 220  1
33 224  1
12 234  1
56 235  1
90 241  1
6 242  1
123 244  1
84 250  1
173 252  1
236 253  1
223 254  1
63 255  1
239 258  1
229 262  1
250 262  1
128 270  1
132 273  1
49 276  1
200 279  1
25 280  1
119 288  1
281 288  1
1 290  1
92 292  1
150 295  1
244 302  1
23 307  1
238 312  1
114 317  1
132 317  1
43 319  1
242 327  1
131 328  1
123 344  1
216 346  1
49 347  1
125 349  1
256 350  1
272 362  1
352 365  1
15 368  1
78 370  1
333 371  1
201 373  1
227 389  1
341 392  1
211 396  1
330 396  1
69 400  1
202 400  1
394 400  1
292 402  1
84 403  1
219 407  1
355 411  1
144 412  1
151 412  1
411 413  1
170 423  1
305 425  1
261 427  1
110 428  1
308 430  1
72 437  1
183 440  1
341 446  1
412 447  1
368 450  1
385 450  1
282 452  1
313 452  1
442 453  1
370 454  1
158 456  1
374 460  1
204 462  1
290 463  1
74 465  1
50 466  1
229 466  1
394 471  1
222 474  1
60 477  1
65 478  1
302 479  1
480 483  1
350 486  1
124 488  1
423 490  1
71 492  1
480 493  1
70 494  1
165 494  1
165 501  1
460 504  1
420 506  1
295 507  1
500 507  1
154 508  1
86 509  1
181 509  1
11 512  1
436 512  1
237 514  1
240 515  1
3 517  1
356 519  1
13 522  1
321 524  1
439 524  1
156 525  1
478 527  1
431 536  1
101 538  1
460 541  1
48 543  1
384 543  1
472 544  1
297 546  1
421 548  1
539 548  1
391 549  1
38 554  1
54 554  1
297 554  1
301 554  1
266 555  1
447 556  1
187 557  1
323 558  1
193 559  1
88 561  1
35 562  1
423 565  1
500 565  1
116 566  1
284 566  1
61 568  1
431 570  1
326 572  1
486 572  1
304 574  1
311 574  1
390 575  1
199 577  1
329 580  1
358 581  1
137 582  1
450 582  1
106 584  1
167 584  1
442 585  1
513 588  1
110 589  1
66 591  1
299 592  1
344 593  1
333 594  1
569 597  1
114 599  1
596 599  1
315 600  1
372 600  1
170 601  1
239 601  1
236 603  1
398 603  1
196 606  1
446 606  1
605 611  1
443 613  1
233 615  1
328 617  1
487 617  1
471 618  1
5 621  1
105 622  1
142 622  1
307 622  1
376 622  1
389 623  1
8 624  1
240 624  1
390 629  1
218 633  1
490 633  1
124 634  1
230 634  1
103 637  1
326 641  1
308 642  1
211 644  1
363 644  1
562 644  1
202 645  1
212 647  1
49 649  1
603 651  1
562 652  1
78 653  1
99 655  1
281 655  1
353 655  1
520 657  1
71 660  1
142 661  1
217 663  1
373 664  1
546 664  1
396 668  1
654 668  1
246 671  1
661 674  1
242 677  1
563 677  1
418 678  1
444 679  1
649 679  1
79 681  1
145 681  1
67 682  1
606 684  1
512 685  1
181 688  1
276 691  1
353 691  1
327 693  1
188 695  1
341 698  1
466 698  1
142 699  1
271 699  1
121 701  1
571 703  1
31 704  1
59 704  1
432 704  1
99 706  1
353 706  1
30 707  1
87 708  1
45 711  1
359 712  1
399 712  1
181 715  1
40 716  1
510 716  1
388 717  1
15 718  1
385 718  1
676 718  1
72 720  1
626 720  1
281 723  1
702 727  1
671 729  1
227 730  1
283 730  1
168 732  1
212 732  1
699 732  1
47 735  1
295 736  1
346 736  1
315 737  1
188 738  1
451 738  1
592 738  1
518 739  1
688 740  1
576 742  1
263 746  1
616 746  1
515 747  1
148 749  1
462 749  1
232 750  1
1 752  1
407 753  1
562 753  1
207 756  1
18 757  1
224 758  1
199 759  1
672 759  1
51 761  1
87 761  1
758 763  1
579 764  1
242 765  1
424 765  1
443 765  1
104 768  1
512 771  1
543 771  1
636 771  1
721 772  1
731 774  1
312 775  1
454 776  1
763 776  1
255 778  1
355 780  1
672 780  1
88 781  1
70 782  1
362 782  1
156 783  1
40 784  1
67 786  1
308 791  1
225 792  1
710 793  1
517 794  1
36 795  1
793 795  1
162 796  1
204 796  1
570 798  1
398 799  1
417 799  1
104 800  1
460 800  1
551 801  1
683 803  1
669 804  1
250 805  1
598 806  1
525 807  1
72 809  1
180 812  1
423 813  1
484 813  1
403 814  1
672 814  1
19 816  1
174 817  1
181 817  1
46 818  1
440 818  1
100 820  1
110 820  1
611 821  1
618 821  1
165 822  1
142 826  1
551 827  1
214 828  1
797 828  1
525 829  1
808 829  1
196 830  1
592 830  1
343 831  1
520 831  1
397 833  1
490 833  1
186 834  1
171 835  1
306 836  1
632 836  1
27 839  1
426 839  1
243 841  1
563 841  1
475 844  1
179 845  1
776 845  1
264 846  1
501 846  1
813 848  1
42 849  1
176 849  1
684 849  1
35 850  1
166 853  1
391 853  1
650 853  1
527 854  1
726 854  1
288 855  1
806 858  1
94 859  1
5 861  1
386 862  1
515 862  1
2 863  1
197 863  1
99 864  1
503 864  1
644 865  1
176 868  1
564 868  1
788 868  1
200 869  1
306 869  1
462 870  1
532 870  1
543 872  1
714 872  1
291 874  1
260 880  1
364 880  1
109 881  1
143 881  1
637 881  1
687 881  1
819 881  1
623 884  1
604 886  1
709 886  1
198 888  1
28 889  1
104 889  1
618 889  1
146 890  1
830 891  1
890 891  1
874 892  1
275 893  1
386 893  1
792 895  1
774 897  1
877 897  1
342 899  1
406 900  1
542 900  1
566 900  1
65 901  1
395 901  1
790 901  1
809 901  1
249 902  1
118 903  1
524 904  1
545 904  1
460 905  1
227 907  1
554 907  1
634 910  1
420 911  1
908 911  1
387 913  1
727 913  1
802 913  1
714 914  1
736 914  1
265 915  1
100 916  1
598 916  1
793 917  1
50 918  1
757 918  1
200 919  1
399 919  1
787 920  1
561 921  1
385 922  1
492 922  1
460 923  1
449 924  1
518 924  1
553 924  1
903 926  1
53 927  1
783 928  1
164 930  1
167 930  1
512 931  1
577 934  1
640 934  1
904 934  1
372 936  1
425 937  1
178 938  1
651 938  1
336 939  1
408 939  1
832 939  1
824 940  1
895 940  1
375 944  1
734 948  1
932 948  1
173 949  1
336 949  1
469 952  1
693 954  1
189 957  1
900 957  1
37 958  1
218 959  1
663 959  1
119 961  1
836 963  1
694 964  1
873 964  1
688 965  1
888 965  1
520 967  1
785 968  1
693 969  1
689 970  1
946 971  1
399 972  1
50 974  1
955 975  1
148 976  1
786 977  1
303 978  1
263 979  1
961 981  1
143 984  1
545 984  1
818 984  1
886 984  1
239 985  1
478 986  1
597 988  1
320 989  1
134 990  1
923 990  1
203 991  1
419 991  1
694 992  1
762 992  1
200 993  1
319 994  1
351 994  1
467 995  1
487 995  1
362 996  1
172 1000  1
277 1000  1
946 1000  1
