%%MatrixMarket matrix coordinate real general
% Generated 04-Mar-2013
1000 1000 515
17 33  1
6 48  1
14 53  1
1 70  1
4 73  1
72 73  1
62 90  1
49 101  1
40 113  1
87 122  1
61 127  1
80 138  1
59 150  1
114 159  1
156 160  1
38 163  1
6 173  1
18 185  1
33 186  1
156 190  1
128 192  1
139 193  1
61 196  1
3 219  1
20 219  1
61 220  1
173 221  1
32 227  1
9 228  1
148 228  1
106 240  1
188 240  1
22 244  1
138 245  1
114 247  1
24 252  1
231 256  1
28 257  1
231 258  1
17 259  1
32 261  1
242 266  1
149 277  1
215 284  1
277 284  1
224 285  1
279 286  1
205 287  1
17 288  1
115 292  1
185 294  1
267 296  1
3 305  1
65 314  1
76 315  1
215 315  1
125 316  1
256 318  1
171 321  1
200 327  1
17 330  1
35 330  1
314 330  1
48 333  1
91 338  1
67 341  1
174 353  1
79 354  1
163 358  1
177 362  1
162 374  1
29 377  1
76 378  1
231 381  1
268 383  1
209 384  1
380 389  1
33 393  1
337 394  1
85 397  1
249 398  1
63 399  1
242 400  1
93 402  1
242 402  1
128 404  1
204 405  1
177 407  1
64 410  1
249 410  1
192 413  1
226 413  1
336 413  1
391 417  1
219 419  1
311 421  1
393 422  1
134 425  1
112 426  1
37 427  1
11 428  1
71 430  1
146 430  1
400 430  1
419 430  1
53 436  1
141 438  1
116 439  1
11 442  1
36 442  1
30 443  1
367 444  1
152 450  1
253 454  1
108 455  1
442 457  1
341 459  1
157 461  1
62 465  1
263 470  1
455 472  1
109 474  1
81 480  1
216 480  1
371 483  1
65 485  1
215 487  1
70 496  1
179 497  1
349 497  1
255 499  1
323 500  1
46 501  1
170 503  1
13 504  1
62 505  1
221 505  1
200 510  1
134 514  1
395 514  1
172 515  1
425 518  1
460 518  1
34 519  1
336 520  1
378 524  1
521 526  1
5 527  1
12 527  1
432 527  1
149 528  1
408 531  1
533 534  1
11 536  1
99 536  1
156 537  1
521 537  1
407 539  1
409 543  1
27 545  1
305 547  1
219 550  1
222 550  1
414 550  1
109 553  1
207 555  1
51 561  1
137 561  1
110 565  1
174 570  1
1 572  1
300 573  1
373 575  1
118 577  1
41 579  1
174 579  1
108 580  1
147 580  1
123 587  1
238 589  1
328 592  1
431 593  1
260 594  1
337 594  1
481 594  1
490 594  1
372 595  1
382 595  1
370 597  1
403 598  1
359 599  1
51 602  1
350 605  1
336 608  1
443 610  1
177 612  1
262 613  1
443 616  1
317 617  1
232 619  1
510 619  1
454 620  1
143 621  1
466 621  1
63 622  1
491 622  1
156 626  1
511 626  1
546 627  1
206 631  1
614 631  1
482 632  1
145 635  1
252 636  1
432 636  1
475 636  1
548 638  1
101 639  1
189 640  1
176 641  1
63 642  1
436 642  1
368 644  1
451 646  1
222 647  1
608 650  1
457 652  1
653 654  1
306 655  1
267 656  1
416 656  1
168 666  1
289 667  1
112 669  1
14 670  1
222 673  1
317 673  1
476 674  1
460 676  1
364 677  1
480 680  1
137 681  1
412 682  1
564 682  1
566 682  1
65 686  1
611 688  1
684 688  1
578 690  1
658 691  1
558 692  1
484 693  1
411 694  1
221 695  1
432 696  1
379 698  1
540 698  1
555 699  1
66 700  1
102 700  1
241 700  1
652 700  1
350 704  1
353 706  1
386 710  1
696 711  1
49 712  1
403 712  1
515 712  1
704 717  1
26 718  1
8 720  1
387 722  1
260 724  1
556 724  1
287 726  1
622 727  1
279 730  1
363 732  1
16 733  1
422 734  1
84 735  1
123 735  1
129 735  1
701 736  1
575 737  1
532 738  1
658 740  1
102 741  1
548 741  1
187 743  1
313 743  1
89 744  1
426 744  1
565 745  1
551 748  1
722 748  1
352 752  1
452 754  1
651 755  1
502 757  1
548 757  1
620 758  1
343 760  1
418 760  1
37 763  1
194 765  1
368 767  1
752 767  1
413 769  1
660 770  1
160 771  1
380 772  1
755 772  1
210 773  1
185 774  1
149 775  1
409 776  1
576 776  1
47 780  1
158 781  1
267 781  1
129 782  1
593 782  1
601 783  1
724 786  1
471 787  1
43 788  1
580 790  1
29 791  1
48 791  1
329 797  1
462 800  1
82 801  1
406 801  1
115 802  1
251 804  1
273 805  1
103 806  1
322 806  1
37 807  1
12 809  1
197 809  1
1 812  1
452 816  1
783 816  1
94 817  1
557 818  1
650 819  1
123 820  1
399 823  1
26 824  1
33 824  1
184 825  1
144 826  1
193 826  1
795 826  1
160 827  1
469 829  1
573 830  1
287 831  1
222 833  1
330 834  1
138 835  1
332 835  1
558 835  1
1 836  1
149 836  1
249 837  1
680 837  1
483 838  1
618 839  1
478 840  1
176 841  1
411 841  1
216 843  1
428 845  1
814 846  1
502 847  1
840 847  1
420 848  1
631 851  1
119 852  1
409 853  1
811 855  1
324 856  1
683 857  1
393 858  1
83 864  1
718 865  1
243 866  1
390 866  1
723 866  1
238 867  1
444 867  1
781 867  1
175 868  1
700 870  1
534 871  1
381 874  1
460 874  1
171 875  1
321 876  1
375 877  1
443 877  1
784 880  1
550 882  1
66 884  1
757 888  1
712 891  1
354 894  1
521 894  1
120 895  1
801 895  1
344 898  1
350 898  1
398 898  1
376 899  1
419 899  1
719 899  1
843 899  1
21 902  1
757 904  1
72 905  1
241 905  1
352 905  1
93 907  1
747 907  1
816 907  1
859 908  1
779 909  1
56 912  1
311 912  1
715 914  1
375 915  1
438 917  1
191 920  1
385 920  1
140 921  1
760 923  1
481 924  1
705 924  1
594 925  1
250 926  1
703 926  1
912 927  1
507 928  1
53 929  1
197 929  1
771 929  1
695 930  1
330 931  1
414 931  1
695 931  1
640 933  1
364 938  1
330 940  1
169 941  1
3 942  1
800 942  1
809 944  1
351 945  1
550 945  1
296 946  1
344 946  1
621 947  1
81 948  1
316 949  1
566 950  1
619 950  1
791 950  1
104 951  1
718 951  1
244 953  1
323 953  1
513 954  1
798 957  1
29 963  1
782 963  1
66 966  1
284 967  1
670 967  1
76 971  1
845 971  1
340 973  1
582 973  1
730 976  1
950 976  1
828 978  1
92 979  1
227 979  1
750 983  1
40 985  1
108 985  1
585 985  1
944 986  1
37 988  1
730 988  1
742 988  1
198 989  1
870 989  1
254 990  1
494 990  1
497 991  1
762 991  1
24 992  1
261 992  1
442 994  1
654 994  1
968 994  1
107 995  1
583 996  1
548 997  1
932 997  1
632 998  1
