%%MatrixMarket matrix coordinate real general
% Generated 04-Mar-2013
1000 1000 507
21 26  1
38 50  1
12 57  1
2 59  1
4 82  1
44 90  1
15 93  1
101 114  1
17 118  1
73 121  1
79 138  1
28 143  1
129 152  1
148 152  1
89 153  1
129 153  1
75 162  1
17 178  1
35 179  1
118 185  1
39 189  1
154 214  1
44 217  1
63 221  1
12 222  1
200 222  1
102 226  1
205 229  1
161 233  1
208 235  1
147 239  1
23 241  1
13 244  1
51 249  1
220 255  1
47 257  1
15 260  1
187 260  1
107 261  1
132 263  1
15 264  1
116 264  1
98 271  1
64 278  1
72 281  1
80 288  1
31 289  1
169 291  1
38 296  1
154 297  1
194 302  1
8 309  1
116 314  1
103 330  1
239 331  1
188 333  1
225 342  1
331 346  1
72 347  1
127 348  1
235 349  1
27 350  1
40 350  1
199 350  1
162 351  1
4 352  1
273 353  1
11 358  1
200 358  1
310 358  1
235 362  1
245 362  1
74 369  1
329 372  1
340 372  1
94 373  1
209 373  1
326 374  1
104 380  1
158 384  1
18 385  1
12 391  1
263 396  1
251 397  1
34 405  1
47 405  1
287 409  1
258 413  1
255 416  1
374 416  1
12 427  1
97 427  1
117 428  1
129 428  1
249 429  1
303 431  1
364 432  1
122 433  1
234 436  1
419 438  1
141 441  1
304 443  1
398 447  1
187 455  1
352 456  1
14 457  1
126 458  1
156 467  1
441 467  1
147 468  1
353 474  1
23 475  1
430 477  1
319 481  1
228 482  1
305 482  1
353 482  1
333 484  1
316 488  1
239 491  1
453 491  1
280 493  1
479 494  1
23 496  1
341 496  1
316 497  1
72 498  1
107 498  1
177 503  1
209 503  1
88 506  1
363 506  1
231 510  1
22 511  1
247 514  1
90 515  1
309 516  1
431 516  1
141 517  1
477 519  1
92 521  1
159 523  1
196 525  1
119 526  1
288 526  1
84 527  1
359 528  1
338 533  1
59 535  1
312 535  1
520 539  1
220 542  1
74 545  1
208 546  1
50 548  1
165 549  1
52 553  1
190 553  1
278 554  1
404 555  1
180 559  1
308 560  1
277 561  1
398 562  1
408 562  1
245 564  1
185 567  1
243 570  1
494 572  1
136 573  1
449 574  1
147 575  1
569 580  1
268 581  1
141 582  1
506 582  1
21 583  1
532 584  1
466 585  1
325 586  1
579 589  1
41 591  1
112 593  1
169 597  1
532 597  1
440 603  1
467 603  1
503 604  1
498 605  1
89 609  1
4 611  1
6 611  1
175 611  1
35 612  1
506 612  1
325 615  1
313 617  1
119 620  1
162 620  1
306 621  1
291 624  1
111 626  1
461 628  1
208 633  1
421 634  1
67 635  1
373 637  1
341 638  1
587 638  1
2 640  1
118 644  1
619 644  1
627 644  1
467 645  1
419 648  1
326 650  1
428 651  1
20 653  1
146 653  1
237 653  1
115 655  1
105 656  1
243 659  1
462 659  1
250 664  1
91 665  1
418 666  1
159 668  1
201 669  1
444 670  1
375 671  1
444 672  1
449 673  1
605 673  1
306 676  1
363 676  1
666 676  1
486 677  1
609 679  1
98 680  1
234 682  1
593 682  1
33 687  1
126 687  1
39 688  1
307 688  1
382 689  1
160 690  1
345 690  1
290 691  1
550 691  1
265 692  1
630 692  1
653 692  1
388 693  1
51 694  1
71 694  1
89 694  1
405 694  1
465 695  1
465 697  1
40 698  1
397 700  1
125 703  1
299 704  1
497 705  1
592 708  1
217 712  1
602 716  1
117 717  1
279 718  1
443 718  1
640 718  1
15 721  1
258 722  1
531 722  1
453 726  1
492 726  1
632 727  1
52 729  1
168 729  1
362 729  1
3 730  1
514 730  1
304 732  1
378 733  1
678 733  1
708 734  1
588 735  1
158 737  1
242 737  1
120 739  1
526 740  1
669 742  1
170 744  1
406 744  1
172 748  1
417 750  1
303 751  1
475 751  1
472 752  1
503 756  1
513 756  1
159 758  1
730 758  1
222 759  1
540 759  1
637 765  1
537 772  1
623 773  1
62 774  1
317 778  1
427 778  1
239 779  1
760 779  1
204 780  1
361 782  1
425 784  1
381 785  1
735 786  1
122 788  1
455 790  1
650 790  1
243 792  1
71 794  1
345 794  1
497 794  1
274 796  1
127 798  1
509 798  1
612 800  1
7 801  1
358 804  1
590 804  1
607 805  1
558 806  1
117 807  1
399 811  1
416 813  1
527 817  1
676 818  1
694 818  1
614 819  1
409 820  1
584 821  1
624 821  1
803 821  1
445 824  1
742 824  1
775 825  1
507 826  1
771 826  1
461 828  1
622 828  1
722 828  1
507 830  1
631 832  1
757 834  1
710 835  1
151 837  1
509 837  1
561 839  1
479 840  1
579 840  1
817 841  1
345 843  1
670 843  1
772 846  1
684 851  1
854 855  1
110 856  1
678 856  1
641 858  1
111 860  1
41 863  1
29 865  1
504 865  1
442 867  1
761 867  1
79 868  1
3 870  1
441 871  1
131 872  1
218 873  1
347 873  1
799 873  1
856 874  1
638 877  1
271 879  1
803 879  1
577 880  1
124 881  1
590 881  1
810 881  1
147 886  1
284 890  1
282 891  1
372 891  1
806 892  1
791 893  1
454 895  1
523 896  1
171 897  1
614 897  1
724 897  1
363 898  1
503 899  1
720 899  1
572 901  1
644 901  1
142 902  1
105 905  1
697 906  1
166 908  1
298 911  1
888 912  1
26 914  1
100 915  1
99 916  1
570 916  1
228 917  1
76 919  1
62 920  1
346 920  1
536 920  1
604 921  1
858 924  1
493 925  1
87 929  1
809 929  1
703 930  1
597 933  1
180 935  1
842 935  1
241 936  1
323 937  1
381 937  1
495 938  1
19 941  1
607 941  1
428 942  1
120 943  1
236 943  1
803 944  1
447 945  1
639 945  1
824 945  1
68 946  1
631 946  1
277 948  1
101 949  1
446 949  1
666 950  1
109 951  1
255 951  1
294 953  1
531 954  1
557 954  1
541 956  1
431 958  1
449 958  1
905 958  1
908 958  1
263 960  1
330 960  1
403 960  1
840 960  1
317 961  1
850 964  1
444 968  1
568 970  1
605 970  1
886 970  1
383 971  1
824 971  1
104 972  1
653 972  1
209 973  1
556 973  1
567 974  1
395 975  1
350 976  1
392 976  1
898 977  1
539 982  1
692 982  1
817 982  1
3 983  1
430 984  1
623 984  1
704 984  1
442 985  1
92 986  1
154 987  1
210 987  1
947 989  1
787 990  1
81 991  1
722 991  1
864 991  1
915 992  1
566 994  1
62 995  1
791 995  1
530 996  1
996 998  1
278 999  1
