%%MatrixMarket matrix coordinate real general
% Generated 04-Mar-2013
1000 1000 453
1 41  1
9 43  1
6 68  1
7 71  1
28 79  1
40 80  1
11 84  1
28 97  1
43 104  1
75 109  1
81 110  1
69 117  1
15 129  1
67 140  1
132 157  1
167 178  1
127 179  1
149 179  1
145 181  1
181 191  1
145 200  1
155 206  1
24 211  1
212 216  1
108 237  1
130 241  1
142 244  1
86 249  1
69 250  1
42 254  1
196 261  1
252 264  1
121 268  1
85 269  1
268 271  1
223 286  1
203 289  1
150 300  1
285 300  1
167 301  1
280 316  1
266 318  1
149 322  1
287 322  1
281 323  1
168 329  1
310 329  1
192 330  1
191 332  1
34 340  1
146 341  1
277 341  1
162 342  1
18 345  1
80 347  1
28 349  1
273 350  1
82 353  1
60 357  1
74 357  1
124 359  1
235 362  1
178 366  1
284 367  1
4 371  1
52 378  1
105 388  1
156 389  1
124 391  1
81 393  1
179 396  1
212 398  1
239 398  1
265 400  1
195 401  1
243 401  1
271 402  1
370 402  1
133 405  1
103 406  1
237 407  1
384 407  1
94 411  1
294 411  1
49 413  1
355 413  1
35 414  1
82 416  1
408 419  1
97 420  1
352 423  1
120 426  1
277 426  1
15 431  1
147 431  1
49 436  1
33 438  1
280 439  1
62 440  1
61 443  1
276 446  1
300 446  1
327 446  1
332 446  1
409 446  1
343 449  1
376 452  1
124 456  1
5 462  1
429 467  1
10 471  1
320 471  1
330 479  1
63 481  1
182 482  1
194 483  1
288 487  1
366 488  1
100 500  1
124 502  1
454 504  1
230 507  1
4 513  1
348 517  1
505 521  1
465 522  1
372 526  1
508 526  1
467 528  1
510 533  1
122 534  1
45 540  1
40 541  1
416 541  1
166 542  1
84 544  1
151 545  1
108 547  1
119 547  1
503 547  1
86 548  1
483 548  1
318 552  1
325 553  1
28 555  1
5 558  1
418 559  1
10 565  1
337 567  1
62 568  1
330 570  1
205 575  1
268 576  1
225 582  1
457 585  1
106 586  1
134 588  1
240 589  1
557 595  1
464 599  1
346 601  1
215 602  1
318 602  1
325 605  1
128 607  1
194 607  1
223 608  1
295 611  1
320 611  1
530 613  1
566 613  1
75 615  1
345 616  1
452 618  1
485 618  1
83 620  1
160 622  1
19 626  1
9 628  1
598 628  1
493 629  1
420 635  1
128 636  1
468 636  1
157 637  1
316 637  1
67 640  1
47 641  1
420 643  1
580 643  1
246 644  1
48 645  1
330 650  1
22 651  1
112 651  1
434 654  1
641 655  1
382 656  1
116 659  1
189 660  1
538 660  1
508 662  1
64 665  1
468 665  1
396 666  1
224 667  1
274 667  1
302 669  1
395 669  1
665 670  1
266 671  1
196 672  1
169 674  1
61 677  1
265 680  1
42 681  1
395 682  1
424 684  1
281 687  1
442 689  1
244 690  1
496 692  1
606 692  1
356 693  1
476 693  1
611 694  1
414 695  1
439 699  1
533 701  1
673 701  1
159 702  1
63 707  1
345 708  1
414 708  1
140 712  1
305 713  1
103 717  1
301 719  1
357 719  1
489 720  1
435 724  1
637 724  1
420 730  1
642 730  1
504 731  1
508 736  1
185 738  1
474 738  1
540 738  1
464 739  1
551 739  1
352 742  1
628 743  1
249 746  1
735 746  1
328 751  1
365 751  1
33 753  1
391 753  1
222 758  1
394 759  1
50 760  1
561 761  1
569 761  1
586 766  1
731 766  1
725 767  1
753 767  1
389 769  1
430 769  1
722 769  1
305 771  1
533 771  1
314 775  1
76 782  1
496 783  1
402 785  1
770 785  1
339 786  1
659 787  1
470 788  1
278 790  1
561 790  1
699 790  1
109 791  1
357 792  1
132 793  1
236 794  1
378 799  1
2 801  1
175 801  1
374 803  1
504 804  1
466 806  1
725 806  1
91 807  1
113 807  1
103 810  1
92 812  1
202 812  1
466 814  1
488 818  1
361 821  1
678 823  1
704 823  1
647 824  1
774 824  1
240 825  1
578 826  1
695 827  1
557 828  1
818 829  1
435 832  1
619 833  1
792 833  1
222 834  1
642 835  1
279 838  1
403 839  1
356 840  1
832 843  1
569 845  1
834 846  1
157 851  1
84 852  1
250 855  1
602 856  1
480 859  1
49 860  1
719 860  1
847 861  1
226 862  1
160 863  1
767 864  1
300 866  1
14 868  1
41 869  1
82 869  1
613 870  1
262 871  1
602 873  1
678 873  1
657 874  1
356 875  1
756 876  1
236 877  1
691 877  1
261 879  1
312 879  1
681 883  1
282 884  1
362 886  1
503 886  1
841 886  1
723 887  1
365 888  1
625 891  1
167 892  1
891 894  1
76 896  1
467 896  1
789 896  1
48 897  1
589 898  1
849 898  1
261 902  1
423 902  1
277 903  1
457 903  1
132 905  1
649 906  1
347 908  1
666 910  1
908 913  1
585 915  1
680 915  1
706 915  1
870 917  1
876 917  1
293 919  1
666 919  1
401 920  1
715 920  1
370 927  1
63 928  1
127 929  1
835 931  1
887 931  1
207 932  1
174 933  1
640 933  1
68 934  1
629 934  1
71 935  1
472 935  1
677 936  1
88 937  1
483 937  1
731 937  1
846 938  1
26 941  1
252 941  1
594 941  1
754 941  1
552 942  1
688 942  1
788 943  1
226 947  1
576 948  1
49 949  1
220 949  1
450 949  1
697 949  1
943 949  1
503 950  1
48 953  1
591 953  1
208 956  1
649 957  1
718 958  1
79 959  1
661 960  1
201 964  1
435 965  1
866 968  1
873 970  1
878 971  1
970 972  1
66 973  1
581 974  1
92 976  1
28 977  1
294 977  1
339 979  1
536 982  1
19 983  1
611 983  1
590 984  1
420 985  1
578 988  1
209 990  1
710 990  1
915 992  1
764 993  1
809 996  1
121 997  1
307 997  1
437 997  1
112 998  1
917 998  1
749 999  1
765 999  1
328 1000  1
