%%MatrixMarket matrix coordinate real general
% Generated 04-Mar-2013
1000 1000 481
2 26  1
10 54  1
3 62  1
49 68  1
61 80  1
45 105  1
72 110  1
32 116  1
90 126  1
133 142  1
113 143  1
45 147  1
133 165  1
114 172  1
106 179  1
97 183  1
129 183  1
160 185  1
117 209  1
142 214  1
134 220  1
58 221  1
140 224  1
2 230  1
149 239  1
102 241  1
99 244  1
50 246  1
228 251  1
95 258  1
251 258  1
49 261  1
164 261  1
180 277  1
256 278  1
37 279  1
167 279  1
76 280  1
100 285  1
105 287  1
68 292  1
48 295  1
276 307  1
298 323  1
99 324  1
320 330  1
201 338  1
153 346  1
90 348  1
76 351  1
104 352  1
164 353  1
162 356  1
233 357  1
104 358  1
288 367  1
351 367  1
259 370  1
370 372  1
81 373  1
367 374  1
285 382  1
76 383  1
310 385  1
27 390  1
116 390  1
255 393  1
244 396  1
88 399  1
284 406  1
169 412  1
170 417  1
241 418  1
134 419  1
328 419  1
30 425  1
102 425  1
83 427  1
87 427  1
304 427  1
127 429  1
148 431  1
26 433  1
298 434  1
6 436  1
28 436  1
124 443  1
13 444  1
256 446  1
109 447  1
377 449  1
66 451  1
190 451  1
258 454  1
131 455  1
437 456  1
40 460  1
157 460  1
78 462  1
259 462  1
312 465  1
112 466  1
182 470  1
390 471  1
429 471  1
108 472  1
299 473  1
321 477  1
223 487  1
95 490  1
118 492  1
254 493  1
456 493  1
384 495  1
327 497  1
402 500  1
1 502  1
169 506  1
467 507  1
504 507  1
278 509  1
306 515  1
400 515  1
211 516  1
128 521  1
153 523  1
483 530  1
421 531  1
78 534  1
329 534  1
180 535  1
85 536  1
335 541  1
500 542  1
57 545  1
359 545  1
225 547  1
27 548  1
34 548  1
284 548  1
25 549  1
269 549  1
334 550  1
369 551  1
74 554  1
261 556  1
71 559  1
552 559  1
407 563  1
501 564  1
506 566  1
251 567  1
369 567  1
352 569  1
67 571  1
500 571  1
142 572  1
29 575  1
202 575  1
363 579  1
129 581  1
304 583  1
182 587  1
38 588  1
203 589  1
431 589  1
11 591  1
414 592  1
559 592  1
137 594  1
153 596  1
48 600  1
204 605  1
426 605  1
604 605  1
135 606  1
593 609  1
120 610  1
224 610  1
411 610  1
3 611  1
150 611  1
459 613  1
221 615  1
436 618  1
108 620  1
186 620  1
203 620  1
326 620  1
490 622  1
527 622  1
221 625  1
465 625  1
408 626  1
155 627  1
531 628  1
166 631  1
307 633  1
124 634  1
86 638  1
624 641  1
371 642  1
306 643  1
244 649  1
442 650  1
566 651  1
609 651  1
288 652  1
462 652  1
480 654  1
65 655  1
599 656  1
8 657  1
30 664  1
514 664  1
430 669  1
35 670  1
122 670  1
603 670  1
498 671  1
668 672  1
340 677  1
630 678  1
5 686  1
373 686  1
187 688  1
75 689  1
293 691  1
163 692  1
205 692  1
561 692  1
447 693  1
188 694  1
23 696  1
513 696  1
465 697  1
270 699  1
121 701  1
260 701  1
516 703  1
389 704  1
657 705  1
233 706  1
17 708  1
14 710  1
105 710  1
157 711  1
430 712  1
330 714  1
526 714  1
484 717  1
152 719  1
672 720  1
565 721  1
531 723  1
571 725  1
602 725  1
301 727  1
324 728  1
96 731  1
300 733  1
407 734  1
543 736  1
635 736  1
115 738  1
222 739  1
270 739  1
489 741  1
535 741  1
203 743  1
168 745  1
413 746  1
278 749  1
389 749  1
21 755  1
512 755  1
439 756  1
159 757  1
172 757  1
549 758  1
741 758  1
507 761  1
555 761  1
109 763  1
418 766  1
312 768  1
753 768  1
232 770  1
52 771  1
398 773  1
392 774  1
415 774  1
716 774  1
97 779  1
203 780  1
750 780  1
74 781  1
353 782  1
514 782  1
738 782  1
528 784  1
29 785  1
780 785  1
458 787  1
192 789  1
519 790  1
206 792  1
16 793  1
795 799  1
354 800  1
78 801  1
19 803  1
787 805  1
603 806  1
233 807  1
762 808  1
100 809  1
103 810  1
437 815  1
548 816  1
25 818  1
474 818  1
226 819  1
158 820  1
236 820  1
781 820  1
464 821  1
308 822  1
288 823  1
109 825  1
267 825  1
429 825  1
482 825  1
481 826  1
686 826  1
257 827  1
126 829  1
432 829  1
446 829  1
180 831  1
136 833  1
701 833  1
258 836  1
333 836  1
422 836  1
682 836  1
446 837  1
669 838  1
216 839  1
435 839  1
761 843  1
87 844  1
753 845  1
297 846  1
495 846  1
227 847  1
32 848  1
397 848  1
347 850  1
814 850  1
93 851  1
648 852  1
243 853  1
610 854  1
786 855  1
421 856  1
117 859  1
497 859  1
834 860  1
677 862  1
579 865  1
730 867  1
491 870  1
68 871  1
296 872  1
129 875  1
833 875  1
233 877  1
731 879  1
1 880  1
626 880  1
665 880  1
333 881  1
61 882  1
767 882  1
80 884  1
245 887  1
711 887  1
1 888  1
31 890  1
196 890  1
265 890  1
386 890  1
438 891  1
825 895  1
42 897  1
655 898  1
100 900  1
81 901  1
510 903  1
860 907  1
45 908  1
761 909  1
826 909  1
301 910  1
761 910  1
11 913  1
71 914  1
760 917  1
474 918  1
670 920  1
199 921  1
584 921  1
46 922  1
349 922  1
373 922  1
808 923  1
690 924  1
115 925  1
130 925  1
256 925  1
856 926  1
53 928  1
195 928  1
621 928  1
841 928  1
871 929  1
589 932  1
833 932  1
85 933  1
327 936  1
305 937  1
785 941  1
939 942  1
111 944  1
619 944  1
221 946  1
608 946  1
756 946  1
854 947  1
223 950  1
264 952  1
386 958  1
913 958  1
466 962  1
30 965  1
812 965  1
536 967  1
490 971  1
932 971  1
7 972  1
124 973  1
98 974  1
154 974  1
167 974  1
95 976  1
441 977  1
95 978  1
223 978  1
206 979  1
223 979  1
824 980  1
217 981  1
296 981  1
488 981  1
299 982  1
551 982  1
868 984  1
347 987  1
891 987  1
898 987  1
451 989  1
775 990  1
723 991  1
110 993  1
467 994  1
404 995  1
801 998  1
934 999  1
83 1000  1
682 1000  1
