%%MatrixMarket matrix coordinate real general
% Generated 04-Mar-2013
1000 1000 526
10 11  1
1 55  1
72 85  1
59 97  1
66 103  1
55 104  1
86 114  1
57 139  1
58 147  1
6 152  1
82 154  1
28 155  1
22 160  1
99 163  1
37 166  1
174 184  1
133 187  1
159 187  1
1 190  1
84 190  1
110 200  1
111 202  1
172 206  1
163 208  1
200 209  1
175 210  1
2 213  1
6 213  1
51 220  1
4 237  1
25 237  1
184 237  1
9 238  1
10 238  1
85 241  1
38 252  1
106 254  1
234 256  1
1 258  1
240 260  1
50 263  1
20 265  1
24 265  1
44 268  1
222 273  1
3 277  1
186 279  1
98 280  1
167 281  1
139 284  1
143 286  1
102 291  1
245 294  1
247 297  1
88 299  1
296 301  1
70 306  1
249 308  1
98 315  1
92 317  1
316 318  1
111 320  1
87 323  1
172 326  1
235 329  1
224 331  1
52 332  1
73 332  1
260 334  1
1 337  1
190 340  1
14 347  1
311 357  1
150 361  1
65 366  1
152 366  1
144 367  1
90 372  1
248 372  1
19 376  1
276 378  1
129 388  1
130 388  1
102 389  1
86 390  1
251 398  1
340 400  1
361 405  1
262 409  1
354 410  1
73 412  1
363 412  1
288 413  1
251 416  1
380 422  1
75 425  1
148 425  1
401 425  1
5 431  1
179 433  1
400 440  1
410 440  1
33 441  1
298 441  1
217 446  1
71 452  1
270 453  1
122 456  1
447 459  1
126 461  1
397 461  1
208 462  1
41 470  1
15 471  1
7 472  1
193 472  1
173 473  1
32 475  1
309 475  1
426 478  1
279 480  1
122 483  1
24 487  1
122 487  1
264 488  1
332 489  1
275 491  1
331 491  1
127 492  1
114 493  1
332 493  1
434 495  1
424 497  1
485 500  1
89 501  1
113 502  1
432 502  1
81 506  1
46 509  1
373 509  1
114 512  1
378 514  1
186 515  1
16 516  1
163 516  1
259 522  1
265 523  1
348 528  1
321 530  1
212 531  1
171 532  1
431 537  1
409 538  1
353 544  1
355 544  1
213 547  1
126 548  1
514 551  1
31 552  1
320 552  1
502 555  1
42 557  1
554 562  1
358 564  1
10 565  1
453 566  1
256 568  1
331 569  1
424 569  1
292 570  1
320 570  1
362 570  1
42 572  1
73 576  1
231 577  1
32 578  1
273 579  1
383 579  1
26 580  1
366 580  1
381 584  1
430 586  1
416 589  1
164 591  1
429 591  1
2 594  1
300 594  1
455 594  1
556 595  1
478 599  1
186 600  1
356 604  1
574 609  1
350 612  1
41 614  1
553 617  1
114 618  1
215 620  1
316 620  1
99 622  1
421 623  1
435 624  1
310 626  1
173 628  1
136 629  1
430 631  1
619 631  1
580 632  1
603 633  1
359 634  1
515 635  1
104 636  1
464 637  1
585 638  1
490 639  1
487 643  1
601 643  1
411 644  1
179 647  1
416 647  1
216 649  1
114 650  1
602 653  1
432 656  1
7 659  1
4 660  1
550 660  1
587 661  1
279 662  1
420 664  1
158 666  1
193 666  1
471 667  1
644 667  1
379 671  1
85 672  1
157 674  1
491 674  1
439 675  1
255 678  1
158 679  1
587 679  1
36 680  1
513 681  1
347 683  1
627 685  1
138 686  1
132 687  1
618 687  1
631 690  1
333 694  1
404 694  1
539 694  1
664 696  1
401 698  1
316 699  1
374 700  1
698 700  1
192 702  1
319 702  1
430 702  1
177 704  1
480 707  1
200 708  1
102 710  1
231 711  1
120 713  1
368 713  1
562 713  1
391 714  1
319 717  1
223 720  1
363 720  1
642 720  1
4 724  1
29 724  1
120 726  1
613 726  1
119 728  1
132 728  1
93 731  1
243 732  1
519 734  1
182 736  1
219 737  1
254 739  1
402 740  1
15 741  1
46 742  1
596 746  1
386 749  1
643 751  1
603 752  1
148 755  1
633 755  1
239 756  1
233 758  1
541 758  1
620 758  1
423 759  1
525 759  1
709 759  1
494 760  1
572 760  1
63 761  1
355 765  1
697 768  1
304 770  1
532 770  1
751 771  1
244 772  1
304 772  1
656 774  1
180 775  1
8 777  1
209 777  1
217 777  1
282 777  1
317 778  1
767 779  1
33 781  1
326 781  1
710 785  1
453 786  1
320 789  1
38 792  1
82 795  1
6 796  1
5 797  1
510 797  1
160 799  1
700 799  1
306 800  1
496 805  1
296 806  1
171 807  1
212 807  1
340 808  1
780 808  1
168 809  1
560 809  1
327 810  1
325 813  1
501 814  1
550 815  1
119 817  1
249 822  1
547 822  1
141 823  1
295 824  1
38 825  1
323 825  1
494 826  1
514 827  1
316 832  1
546 832  1
56 834  1
646 834  1
444 835  1
119 836  1
479 836  1
632 836  1
424 839  1
815 843  1
698 845  1
225 847  1
391 847  1
141 848  1
302 849  1
150 853  1
470 853  1
557 855  1
24 856  1
87 858  1
553 858  1
322 859  1
167 860  1
742 860  1
754 860  1
848 860  1
212 861  1
650 863  1
254 865  1
462 869  1
799 869  1
695 873  1
772 873  1
127 875  1
184 875  1
221 875  1
244 876  1
590 878  1
339 881  1
426 881  1
851 881  1
250 882  1
35 885  1
48 885  1
104 885  1
127 886  1
243 886  1
757 886  1
76 887  1
242 887  1
811 888  1
477 889  1
471 890  1
660 890  1
829 890  1
257 891  1
831 891  1
637 892  1
651 892  1
810 892  1
735 893  1
786 893  1
614 896  1
650 898  1
287 899  1
468 901  1
33 902  1
37 903  1
132 903  1
363 904  1
709 905  1
711 906  1
519 907  1
213 908  1
616 911  1
415 912  1
302 913  1
333 913  1
265 915  1
379 915  1
582 915  1
853 917  1
875 918  1
536 919  1
172 920  1
679 920  1
316 921  1
348 921  1
737 922  1
28 923  1
396 923  1
579 923  1
243 925  1
183 927  1
16 929  1
24 929  1
153 930  1
634 930  1
532 932  1
818 932  1
242 933  1
917 933  1
179 934  1
82 935  1
133 935  1
293 936  1
132 937  1
276 937  1
528 938  1
680 938  1
782 938  1
27 941  1
130 941  1
109 942  1
155 944  1
28 948  1
679 948  1
256 949  1
414 949  1
784 949  1
812 949  1
359 951  1
463 951  1
641 952  1
462 954  1
19 955  1
307 955  1
146 957  1
212 958  1
137 959  1
768 960  1
539 961  1
219 963  1
60 964  1
651 964  1
796 964  1
13 965  1
952 965  1
953 965  1
376 966  1
397 968  1
399 970  1
432 970  1
560 970  1
598 970  1
7 971  1
831 973  1
55 978  1
537 980  1
862 981  1
435 982  1
721 982  1
186 983  1
642 985  1
792 985  1
971 985  1
418 986  1
240 989  1
452 989  1
853 989  1
244 990  1
281 992  1
199 993  1
972 993  1
766 994  1
421 996  1
141 998  1
153 998  1
587 999  1
421 1000  1
457 1000  1
916 1000  1
