%%MatrixMarket matrix coordinate real general
% Generated 04-Mar-2013
1000 1000 510
34 103  1
78 114  1
121 124  1
55 136  1
88 137  1
9 154  1
114 155  1
73 158  1
151 158  1
43 160  1
90 169  1
152 171  1
13 173  1
163 178  1
143 181  1
172 181  1
172 189  1
77 190  1
32 199  1
37 205  1
91 205  1
73 221  1
23 229  1
118 236  1
133 236  1
45 244  1
86 246  1
185 247  1
191 249  1
189 257  1
252 257  1
76 261  1
167 263  1
1 264  1
247 265  1
231 268  1
2 270  1
5 270  1
151 270  1
20 271  1
81 272  1
107 275  1
154 278  1
17 292  1
275 294  1
273 307  1
96 319  1
256 323  1
262 332  1
294 333  1
246 335  1
282 335  1
42 336  1
141 339  1
29 343  1
207 343  1
145 346  1
301 346  1
104 351  1
272 354  1
244 355  1
79 357  1
121 358  1
70 359  1
261 359  1
88 362  1
263 365  1
61 373  1
178 373  1
106 374  1
81 375  1
316 379  1
269 381  1
200 382  1
10 385  1
82 390  1
91 392  1
345 392  1
125 395  1
107 396  1
276 400  1
118 403  1
264 404  1
191 405  1
179 406  1
27 408  1
142 408  1
404 408  1
69 413  1
237 415  1
185 422  1
260 424  1
382 425  1
399 428  1
73 438  1
400 438  1
402 441  1
397 446  1
213 448  1
72 449  1
248 449  1
118 452  1
21 457  1
377 457  1
259 458  1
323 458  1
200 462  1
405 466  1
231 473  1
332 473  1
465 474  1
441 475  1
220 476  1
70 477  1
21 478  1
312 478  1
428 480  1
310 481  1
242 482  1
73 483  1
436 484  1
320 485  1
222 486  1
473 486  1
200 490  1
25 498  1
200 498  1
439 499  1
264 500  1
323 500  1
65 501  1
276 501  1
38 503  1
440 503  1
85 504  1
200 504  1
168 505  1
337 508  1
427 509  1
194 512  1
7 513  1
483 519  1
340 520  1
408 522  1
505 526  1
370 527  1
316 531  1
458 533  1
91 534  1
413 535  1
347 536  1
27 539  1
214 539  1
386 540  1
456 540  1
127 544  1
130 545  1
460 553  1
342 555  1
294 556  1
307 561  1
533 562  1
158 567  1
494 569  1
107 570  1
311 571  1
67 572  1
331 572  1
6 575  1
349 576  1
212 579  1
264 579  1
131 584  1
431 584  1
452 596  1
376 597  1
33 600  1
374 600  1
479 600  1
524 602  1
445 603  1
393 607  1
127 608  1
523 609  1
440 610  1
470 613  1
112 615  1
505 615  1
288 617  1
124 618  1
283 618  1
298 622  1
419 623  1
583 624  1
615 624  1
116 626  1
187 630  1
496 630  1
212 631  1
309 631  1
213 632  1
495 636  1
574 636  1
267 638  1
69 640  1
122 641  1
478 641  1
533 641  1
182 648  1
208 648  1
428 648  1
265 650  1
503 653  1
624 653  1
88 654  1
584 659  1
378 660  1
387 660  1
491 661  1
594 661  1
283 667  1
315 669  1
581 671  1
483 675  1
186 676  1
434 676  1
351 677  1
53 681  1
167 682  1
530 684  1
64 685  1
373 686  1
469 689  1
118 692  1
175 693  1
646 694  1
127 695  1
149 695  1
297 696  1
481 696  1
402 699  1
270 701  1
395 703  1
157 706  1
485 708  1
283 710  1
334 710  1
400 710  1
473 710  1
330 715  1
371 715  1
148 716  1
116 718  1
335 718  1
493 720  1
639 720  1
238 721  1
168 722  1
396 722  1
278 724  1
34 725  1
468 725  1
465 727  1
575 727  1
345 728  1
378 732  1
689 732  1
448 734  1
720 734  1
39 735  1
555 736  1
570 737  1
37 739  1
617 740  1
254 741  1
685 742  1
732 742  1
702 743  1
20 746  1
575 746  1
181 747  1
586 747  1
549 748  1
446 751  1
32 752  1
87 752  1
238 753  1
68 754  1
624 754  1
252 758  1
746 759  1
585 761  1
131 762  1
151 764  1
10 765  1
165 766  1
637 766  1
71 767  1
644 767  1
22 768  1
63 769  1
648 769  1
39 770  1
392 773  1
563 774  1
535 778  1
430 782  1
136 783  1
119 785  1
72 787  1
429 787  1
444 787  1
690 788  1
105 790  1
304 791  1
415 791  1
576 793  1
548 795  1
693 796  1
702 797  1
589 798  1
537 799  1
126 801  1
61 803  1
414 803  1
43 807  1
118 810  1
167 810  1
688 810  1
329 815  1
280 816  1
562 816  1
233 817  1
758 818  1
793 819  1
362 820  1
711 820  1
719 820  1
799 821  1
98 822  1
203 824  1
560 824  1
779 826  1
132 827  1
368 827  1
551 827  1
271 830  1
436 830  1
267 831  1
579 833  1
77 834  1
459 834  1
507 834  1
224 835  1
520 838  1
254 843  1
831 843  1
99 844  1
792 844  1
203 845  1
464 845  1
186 846  1
208 849  1
671 850  1
51 851  1
265 851  1
795 853  1
170 855  1
777 855  1
224 858  1
595 858  1
250 860  1
642 860  1
141 862  1
459 862  1
411 863  1
776 864  1
520 865  1
769 865  1
36 869  1
84 869  1
31 870  1
382 870  1
844 870  1
55 872  1
115 875  1
425 875  1
556 876  1
297 877  1
860 877  1
239 878  1
336 878  1
768 880  1
78 881  1
297 881  1
329 882  1
554 882  1
58 883  1
216 883  1
131 884  1
81 885  1
322 887  1
1 888  1
676 888  1
752 888  1
703 889  1
395 891  1
300 893  1
269 894  1
269 896  1
231 897  1
575 898  1
727 898  1
287 899  1
497 900  1
732 901  1
873 901  1
539 903  1
396 905  1
37 908  1
645 909  1
25 913  1
167 913  1
822 914  1
482 915  1
503 918  1
721 918  1
49 919  1
455 920  1
622 920  1
78 922  1
167 922  1
878 925  1
35 926  1
473 928  1
713 928  1
78 932  1
155 932  1
195 934  1
324 936  1
464 936  1
677 936  1
178 937  1
311 937  1
456 937  1
491 937  1
605 938  1
189 940  1
595 941  1
205 944  1
402 944  1
454 944  1
21 946  1
714 947  1
871 947  1
943 947  1
628 948  1
670 948  1
329 950  1
712 950  1
362 952  1
609 952  1
466 953  1
127 954  1
315 955  1
5 956  1
811 957  1
259 959  1
882 960  1
463 961  1
487 963  1
907 964  1
777 965  1
835 969  1
473 970  1
762 970  1
669 972  1
268 973  1
731 974  1
800 975  1
916 976  1
681 977  1
553 978  1
770 980  1
72 981  1
675 981  1
446 982  1
770 983  1
231 984  1
773 985  1
912 986  1
331 988  1
723 990  1
988 991  1
617 992  1
379 993  1
490 993  1
538 993  1
585 994  1
169 995  1
844 995  1
143 996  1
347 996  1
724 996  1
982 997  1
379 998  1
72 999  1
80 999  1
261 999  1
5 1000  1
