%%MatrixMarket matrix coordinate real general
% Generated 04-Mar-2013
1000 1000 465
8 10  1
9 18  1
17 19  1
6 23  1
9 44  1
46 59  1
78 87  1
49 106  1
42 107  1
70 111  1
92 134  1
100 137  1
53 138  1
62 146  1
67 147  1
21 149  1
140 150  1
101 165  1
123 168  1
48 179  1
82 181  1
37 183  1
100 186  1
121 193  1
27 196  1
173 199  1
167 205  1
187 205  1
155 226  1
176 229  1
142 238  1
29 245  1
211 248  1
58 253  1
22 254  1
75 256  1
128 258  1
17 260  1
69 261  1
1 273  1
158 276  1
222 284  1
115 292  1
257 293  1
239 297  1
295 298  1
85 300  1
273 300  1
176 303  1
154 305  1
197 312  1
175 321  1
223 322  1
95 329  1
189 335  1
176 339  1
242 340  1
22 343  1
218 343  1
125 349  1
343 349  1
157 356  1
223 356  1
298 357  1
144 358  1
281 358  1
229 361  1
91 362  1
216 365  1
356 365  1
195 371  1
191 372  1
81 373  1
221 374  1
101 376  1
48 377  1
114 380  1
378 382  1
82 386  1
347 387  1
238 388  1
254 389  1
96 392  1
245 393  1
116 395  1
117 397  1
282 397  1
186 401  1
282 401  1
78 405  1
218 406  1
291 408  1
376 409  1
51 412  1
157 415  1
21 417  1
23 419  1
360 420  1
308 424  1
386 424  1
280 429  1
356 433  1
213 436  1
315 439  1
95 443  1
183 445  1
340 445  1
121 446  1
405 447  1
131 449  1
25 450  1
404 455  1
28 457  1
355 458  1
435 462  1
454 468  1
201 478  1
273 479  1
9 483  1
331 486  1
244 490  1
458 492  1
359 494  1
343 496  1
350 501  1
172 502  1
292 503  1
353 507  1
165 508  1
23 510  1
126 515  1
420 516  1
191 517  1
485 518  1
154 519  1
175 520  1
93 532  1
444 532  1
185 535  1
423 536  1
231 537  1
347 543  1
272 544  1
285 546  1
442 547  1
349 552  1
536 552  1
29 554  1
204 555  1
529 555  1
524 558  1
533 559  1
550 559  1
276 560  1
392 560  1
196 561  1
335 562  1
8 563  1
258 563  1
50 564  1
8 565  1
466 565  1
375 566  1
148 567  1
132 569  1
130 573  1
570 573  1
394 575  1
357 576  1
278 579  1
430 579  1
516 579  1
15 582  1
97 590  1
227 590  1
370 593  1
31 595  1
392 595  1
199 599  1
399 599  1
355 602  1
359 603  1
542 612  1
548 613  1
202 615  1
207 617  1
532 622  1
69 623  1
525 627  1
48 628  1
400 629  1
412 629  1
79 630  1
496 631  1
32 633  1
263 634  1
409 634  1
281 637  1
549 637  1
265 639  1
236 644  1
495 645  1
234 646  1
560 647  1
126 648  1
340 651  1
144 655  1
289 660  1
234 661  1
52 662  1
114 662  1
227 662  1
209 663  1
18 666  1
71 666  1
246 668  1
339 668  1
105 670  1
417 671  1
473 671  1
527 671  1
128 676  1
363 676  1
323 678  1
472 679  1
293 686  1
494 688  1
373 689  1
448 690  1
7 691  1
142 691  1
669 696  1
38 699  1
377 699  1
561 699  1
65 703  1
267 703  1
374 703  1
272 705  1
365 705  1
637 705  1
419 706  1
279 707  1
598 708  1
707 714  1
410 715  1
512 716  1
145 717  1
197 717  1
33 718  1
169 718  1
320 724  1
512 730  1
557 730  1
509 731  1
330 732  1
611 732  1
359 734  1
417 734  1
287 737  1
622 739  1
245 740  1
254 743  1
167 744  1
370 745  1
542 745  1
385 747  1
431 747  1
119 749  1
404 749  1
197 751  1
414 753  1
196 763  1
59 764  1
124 767  1
702 767  1
92 769  1
110 769  1
155 770  1
167 770  1
411 771  1
567 771  1
210 772  1
513 772  1
386 773  1
242 774  1
358 774  1
69 776  1
630 778  1
644 778  1
303 780  1
290 781  1
41 782  1
330 783  1
534 783  1
15 785  1
134 787  1
469 787  1
579 787  1
425 788  1
533 791  1
676 791  1
268 792  1
282 795  1
791 797  1
561 798  1
101 801  1
336 801  1
341 805  1
373 806  1
178 807  1
122 812  1
667 813  1
403 815  1
651 816  1
750 817  1
603 818  1
769 820  1
89 821  1
521 822  1
342 826  1
129 830  1
200 830  1
656 830  1
728 834  1
77 836  1
90 837  1
136 839  1
211 840  1
652 840  1
410 843  1
366 844  1
398 846  1
719 847  1
123 849  1
82 854  1
42 855  1
617 855  1
223 856  1
300 856  1
677 857  1
335 858  1
88 860  1
166 860  1
547 863  1
140 865  1
804 865  1
818 866  1
59 867  1
675 867  1
229 868  1
16 869  1
294 869  1
281 870  1
193 872  1
210 874  1
760 874  1
199 876  1
264 878  1
120 879  1
789 880  1
211 881  1
822 882  1
160 886  1
697 886  1
269 888  1
5 890  1
326 891  1
469 895  1
7 898  1
598 898  1
2 899  1
117 901  1
880 901  1
473 903  1
13 904  1
492 905  1
801 905  1
806 905  1
68 907  1
883 908  1
745 910  1
707 911  1
187 912  1
519 913  1
358 914  1
73 915  1
430 915  1
370 917  1
879 917  1
821 919  1
201 921  1
796 922  1
173 924  1
290 924  1
655 924  1
514 925  1
110 928  1
560 928  1
315 929  1
787 929  1
630 931  1
343 934  1
593 938  1
854 938  1
123 940  1
204 940  1
302 940  1
372 940  1
788 940  1
616 941  1
87 943  1
128 944  1
642 944  1
454 947  1
668 947  1
753 948  1
902 949  1
233 950  1
940 953  1
686 954  1
833 954  1
258 955  1
264 955  1
779 955  1
239 956  1
159 959  1
346 963  1
365 963  1
309 964  1
633 966  1
540 967  1
951 967  1
858 968  1
904 972  1
926 972  1
322 973  1
492 974  1
509 974  1
274 975  1
416 975  1
955 975  1
96 977  1
131 977  1
618 977  1
248 979  1
825 979  1
46 980  1
176 982  1
685 982  1
678 983  1
64 984  1
183 984  1
54 986  1
652 986  1
370 987  1
842 987  1
945 987  1
176 989  1
859 990  1
211 992  1
630 993  1
455 994  1
358 996  1
953 998  1
