%%MatrixMarket matrix coordinate real general
% Generated 04-Mar-2013
1000 1000 502
62 78  1
25 79  1
28 84  1
73 94  1
95 103  1
80 111  1
74 120  1
95 148  1
92 150  1
62 155  1
55 156  1
32 162  1
24 178  1
9 185  1
35 191  1
113 193  1
151 200  1
105 201  1
175 201  1
105 203  1
91 204  1
157 207  1
10 208  1
141 212  1
7 213  1
171 213  1
92 216  1
75 217  1
90 221  1
46 222  1
110 224  1
155 226  1
102 229  1
13 231  1
64 234  1
180 245  1
153 251  1
229 252  1
156 253  1
204 255  1
116 256  1
93 259  1
178 265  1
250 267  1
26 272  1
59 277  1
255 280  1
21 281  1
241 287  1
203 291  1
81 300  1
283 301  1
160 304  1
284 316  1
75 317  1
77 320  1
37 324  1
305 325  1
155 326  1
245 326  1
120 328  1
259 332  1
69 334  1
176 334  1
29 336  1
253 341  1
45 344  1
125 344  1
343 345  1
206 348  1
77 351  1
7 359  1
355 359  1
160 362  1
9 363  1
105 367  1
295 368  1
334 368  1
262 369  1
18 374  1
42 374  1
69 380  1
134 383  1
284 386  1
342 387  1
20 390  1
247 391  1
320 391  1
172 393  1
167 394  1
62 395  1
379 395  1
85 398  1
128 399  1
391 403  1
180 404  1
253 405  1
18 408  1
249 410  1
209 416  1
269 416  1
372 416  1
165 419  1
351 419  1
82 420  1
85 421  1
309 421  1
76 428  1
133 428  1
127 429  1
8 430  1
187 431  1
118 434  1
186 434  1
246 436  1
155 438  1
68 446  1
371 447  1
285 452  1
132 455  1
217 456  1
312 459  1
277 462  1
252 465  1
251 466  1
35 467  1
293 467  1
27 479  1
103 480  1
416 483  1
252 484  1
96 485  1
241 494  1
23 497  1
22 501  1
119 502  1
112 507  1
274 508  1
465 508  1
112 510  1
305 510  1
216 511  1
269 511  1
253 512  1
50 514  1
120 515  1
217 515  1
167 517  1
180 517  1
122 519  1
167 523  1
270 527  1
369 530  1
125 533  1
360 538  1
58 540  1
280 540  1
350 541  1
435 541  1
339 542  1
187 543  1
281 543  1
481 543  1
103 544  1
193 544  1
156 545  1
209 546  1
89 547  1
294 548  1
453 549  1
509 558  1
337 560  1
466 560  1
198 563  1
44 566  1
256 568  1
140 569  1
262 570  1
336 571  1
382 572  1
168 573  1
317 573  1
451 575  1
181 576  1
162 577  1
395 577  1
377 581  1
104 583  1
386 583  1
257 584  1
107 587  1
468 590  1
487 593  1
177 594  1
57 596  1
562 596  1
463 597  1
507 597  1
129 600  1
546 600  1
384 603  1
386 606  1
297 608  1
332 608  1
474 610  1
517 610  1
485 612  1
413 616  1
499 616  1
601 616  1
567 617  1
344 618  1
497 619  1
439 622  1
87 625  1
260 627  1
446 628  1
477 628  1
246 636  1
614 636  1
166 637  1
390 640  1
494 642  1
37 643  1
147 643  1
233 643  1
473 645  1
258 647  1
422 647  1
115 649  1
251 649  1
233 655  1
524 656  1
64 657  1
487 658  1
281 666  1
487 666  1
570 672  1
3 674  1
338 674  1
439 674  1
259 676  1
513 681  1
36 682  1
107 682  1
250 683  1
454 685  1
49 690  1
310 690  1
323 692  1
166 693  1
233 694  1
409 694  1
42 696  1
518 696  1
520 696  1
496 697  1
269 700  1
284 701  1
266 702  1
583 702  1
588 703  1
231 704  1
670 705  1
288 709  1
3 711  1
124 714  1
262 714  1
265 718  1
598 718  1
537 720  1
137 724  1
91 727  1
176 727  1
613 729  1
610 730  1
474 731  1
120 732  1
235 732  1
725 732  1
164 733  1
2 736  1
566 736  1
20 738  1
632 740  1
514 741  1
237 744  1
33 746  1
338 747  1
736 747  1
363 749  1
507 749  1
649 749  1
488 750  1
546 751  1
300 752  1
716 754  1
438 755  1
623 757  1
209 758  1
161 760  1
537 761  1
564 761  1
321 762  1
542 766  1
139 768  1
471 769  1
280 771  1
475 772  1
492 772  1
771 772  1
407 777  1
328 778  1
380 779  1
144 780  1
197 781  1
533 781  1
655 781  1
266 784  1
617 784  1
108 788  1
582 788  1
693 791  1
81 792  1
419 795  1
669 795  1
482 796  1
392 797  1
733 797  1
217 800  1
606 801  1
469 802  1
1 803  1
187 803  1
125 804  1
371 804  1
640 807  1
752 807  1
648 808  1
366 812  1
325 813  1
250 815  1
549 817  1
393 823  1
532 823  1
304 825  1
420 827  1
43 829  1
700 832  1
594 833  1
821 834  1
206 836  1
204 838  1
295 840  1
778 840  1
62 842  1
152 842  1
621 842  1
814 842  1
61 846  1
793 847  1
94 848  1
122 848  1
733 848  1
779 849  1
138 850  1
71 851  1
120 853  1
364 853  1
673 854  1
804 854  1
14 855  1
842 855  1
820 856  1
389 861  1
84 864  1
188 866  1
361 868  1
477 868  1
865 868  1
575 869  1
863 869  1
767 871  1
708 872  1
778 872  1
359 874  1
284 876  1
306 876  1
518 876  1
752 877  1
295 881  1
376 881  1
274 882  1
335 882  1
761 882  1
732 884  1
238 886  1
337 887  1
306 890  1
720 891  1
183 894  1
693 895  1
845 899  1
20 902  1
838 902  1
295 904  1
616 906  1
523 908  1
439 909  1
867 911  1
359 912  1
197 913  1
757 913  1
146 915  1
718 915  1
826 915  1
96 917  1
238 917  1
372 920  1
568 922  1
225 925  1
330 925  1
369 925  1
22 926  1
203 926  1
545 926  1
844 926  1
329 927  1
673 927  1
730 927  1
415 928  1
18 932  1
656 932  1
284 934  1
643 935  1
781 935  1
595 937  1
864 937  1
56 938  1
188 938  1
276 940  1
598 940  1
45 941  1
233 941  1
205 942  1
427 942  1
34 944  1
297 944  1
28 946  1
409 946  1
526 946  1
832 948  1
834 948  1
933 949  1
288 950  1
518 950  1
734 952  1
629 954  1
501 955  1
604 956  1
51 963  1
548 963  1
856 963  1
44 965  1
895 965  1
348 966  1
425 966  1
40 967  1
689 967  1
449 968  1
912 968  1
524 969  1
774 969  1
818 969  1
40 970  1
500 970  1
949 971  1
522 972  1
235 975  1
397 977  1
88 979  1
173 979  1
736 983  1
980 984  1
724 985  1
269 987  1
593 987  1
249 988  1
410 989  1
104 990  1
126 990  1
328 990  1
492 990  1
705 990  1
709 990  1
440 993  1
620 993  1
260 994  1
748 995  1
391 998  1
578 999  1
730 1000  1
