%%MatrixMarket matrix coordinate real general
% Generated 04-Mar-2013
1000 1000 498
20 30  1
22 46  1
4 57  1
23 73  1
7 76  1
40 89  1
11 95  1
71 98  1
57 103  1
43 104  1
63 112  1
52 122  1
107 123  1
92 128  1
52 138  1
63 138  1
23 157  1
153 162  1
115 163  1
81 166  1
97 172  1
99 179  1
157 181  1
154 188  1
70 189  1
74 194  1
60 209  1
12 210  1
184 221  1
105 225  1
82 234  1
197 236  1
174 240  1
101 242  1
126 245  1
17 256  1
213 267  1
27 268  1
119 279  1
233 280  1
200 289  1
180 293  1
283 300  1
280 301  1
69 302  1
180 303  1
143 312  1
127 314  1
76 319  1
128 320  1
192 320  1
259 321  1
10 322  1
311 322  1
3 323  1
132 324  1
267 326  1
138 330  1
291 331  1
251 334  1
331 340  1
188 342  1
312 345  1
332 355  1
119 361  1
198 361  1
279 362  1
118 364  1
170 364  1
351 364  1
218 365  1
248 365  1
123 368  1
195 368  1
13 370  1
262 373  1
235 375  1
300 376  1
111 383  1
360 386  1
145 387  1
386 388  1
295 392  1
138 394  1
385 394  1
139 398  1
10 400  1
334 402  1
118 404  1
290 404  1
327 405  1
299 406  1
127 412  1
313 412  1
365 412  1
21 413  1
324 413  1
133 416  1
321 416  1
25 420  1
239 423  1
117 424  1
130 424  1
206 426  1
8 428  1
290 428  1
114 430  1
235 430  1
242 441  1
118 444  1
228 444  1
104 446  1
80 450  1
437 452  1
336 453  1
370 453  1
203 458  1
195 459  1
68 460  1
361 463  1
254 464  1
110 474  1
399 476  1
287 480  1
460 480  1
264 492  1
447 493  1
79 494  1
316 499  1
290 503  1
445 503  1
101 505  1
337 507  1
256 511  1
82 513  1
17 514  1
7 516  1
347 519  1
482 521  1
276 525  1
168 530  1
145 536  1
327 537  1
3 538  1
377 538  1
85 539  1
142 540  1
289 544  1
455 544  1
90 547  1
234 547  1
430 548  1
392 549  1
410 551  1
205 553  1
20 558  1
319 562  1
398 565  1
396 570  1
364 575  1
169 576  1
334 577  1
226 578  1
511 580  1
294 582  1
345 582  1
160 584  1
208 584  1
79 587  1
392 597  1
260 598  1
26 601  1
148 606  1
113 607  1
176 607  1
165 610  1
383 610  1
545 610  1
249 614  1
493 619  1
339 620  1
375 621  1
383 623  1
89 626  1
413 627  1
545 628  1
218 629  1
63 630  1
14 631  1
221 632  1
163 637  1
474 639  1
467 641  1
375 644  1
123 645  1
224 647  1
536 649  1
489 651  1
457 652  1
261 657  1
531 657  1
612 657  1
510 658  1
369 661  1
212 664  1
413 664  1
372 666  1
29 668  1
365 668  1
474 670  1
362 672  1
611 672  1
530 674  1
43 676  1
32 677  1
578 677  1
526 678  1
639 678  1
318 679  1
56 680  1
538 682  1
71 683  1
457 683  1
590 684  1
497 686  1
624 687  1
313 691  1
118 692  1
353 692  1
545 692  1
182 698  1
110 700  1
276 701  1
646 702  1
685 703  1
413 705  1
166 707  1
695 708  1
172 709  1
242 710  1
332 710  1
449 711  1
548 711  1
296 713  1
417 713  1
385 714  1
24 715  1
518 715  1
649 715  1
344 717  1
636 718  1
380 719  1
362 722  1
646 722  1
171 724  1
619 729  1
632 729  1
32 730  1
113 730  1
346 730  1
668 730  1
95 731  1
433 731  1
467 737  1
697 737  1
336 738  1
46 739  1
642 741  1
297 742  1
447 743  1
663 743  1
236 747  1
334 751  1
277 754  1
393 756  1
679 758  1
238 759  1
294 759  1
515 759  1
278 760  1
657 760  1
17 763  1
541 763  1
229 764  1
553 765  1
1 766  1
586 766  1
395 767  1
581 767  1
505 769  1
256 770  1
398 771  1
280 772  1
382 772  1
676 772  1
5 773  1
706 775  1
40 777  1
655 778  1
683 778  1
394 779  1
770 779  1
518 780  1
304 781  1
732 781  1
557 785  1
59 786  1
244 788  1
90 789  1
590 793  1
227 794  1
400 794  1
358 798  1
111 799  1
673 802  1
241 805  1
565 805  1
657 805  1
683 806  1
258 807  1
664 807  1
195 808  1
310 808  1
423 808  1
376 810  1
604 811  1
191 813  1
708 813  1
233 814  1
141 815  1
613 815  1
798 815  1
775 816  1
533 817  1
590 817  1
428 818  1
14 820  1
418 820  1
654 822  1
162 823  1
515 823  1
558 823  1
446 825  1
318 826  1
801 828  1
276 830  1
92 831  1
428 831  1
293 835  1
797 835  1
15 837  1
135 837  1
445 838  1
344 839  1
283 840  1
482 840  1
613 841  1
261 846  1
390 846  1
243 847  1
249 849  1
836 850  1
408 853  1
305 854  1
202 855  1
501 855  1
789 855  1
276 856  1
737 857  1
364 858  1
729 859  1
57 863  1
219 863  1
237 863  1
310 865  1
414 869  1
566 869  1
16 871  1
799 872  1
650 873  1
647 874  1
47 875  1
281 876  1
313 876  1
465 876  1
277 877  1
288 877  1
180 879  1
212 879  1
43 883  1
73 884  1
279 885  1
665 885  1
87 886  1
769 886  1
885 886  1
607 889  1
703 889  1
94 891  1
477 891  1
786 892  1
878 893  1
296 894  1
789 899  1
285 902  1
75 903  1
600 907  1
312 908  1
570 908  1
120 909  1
532 909  1
492 910  1
907 910  1
70 913  1
607 913  1
106 916  1
830 917  1
807 918  1
812 920  1
671 921  1
802 924  1
754 925  1
409 926  1
687 928  1
506 931  1
608 934  1
349 935  1
423 936  1
817 936  1
501 938  1
573 938  1
395 939  1
366 940  1
580 941  1
779 942  1
818 943  1
34 944  1
413 944  1
81 945  1
672 945  1
235 946  1
515 947  1
835 948  1
810 950  1
866 951  1
234 953  1
735 954  1
34 956  1
258 956  1
660 956  1
684 956  1
201 959  1
185 960  1
738 960  1
885 963  1
137 966  1
291 966  1
346 967  1
690 967  1
165 969  1
346 969  1
785 969  1
46 970  1
285 970  1
966 971  1
543 972  1
284 973  1
316 973  1
220 975  1
304 975  1
200 976  1
283 976  1
511 978  1
77 980  1
218 980  1
325 980  1
765 980  1
955 980  1
855 981  1
469 983  1
367 984  1
982 987  1
543 989  1
870 989  1
148 990  1
453 991  1
529 991  1
181 992  1
328 993  1
430 994  1
898 994  1
184 996  1
511 996  1
78 997  1
260 997  1
757 997  1
840 999  1
998 999  1
