%%MatrixMarket matrix coordinate real general
% Generated 04-Mar-2013
1000 1000 476
11 52  1
47 67  1
65 68  1
11 70  1
27 79  1
69 85  1
77 88  1
20 90  1
66 97  1
50 105  1
20 124  1
96 141  1
15 151  1
130 161  1
97 167  1
154 168  1
56 171  1
30 181  1
144 183  1
42 195  1
56 197  1
125 197  1
64 202  1
140 206  1
31 208  1
28 209  1
80 215  1
196 226  1
144 230  1
62 233  1
50 236  1
218 240  1
95 245  1
102 250  1
124 253  1
34 254  1
230 258  1
127 259  1
224 269  1
263 276  1
15 288  1
134 289  1
169 290  1
284 300  1
71 310  1
306 311  1
214 312  1
134 313  1
121 316  1
271 318  1
140 322  1
212 327  1
270 336  1
155 340  1
237 340  1
116 342  1
145 342  1
192 343  1
35 344  1
116 345  1
248 347  1
228 348  1
52 352  1
129 352  1
263 352  1
186 359  1
202 368  1
256 370  1
324 370  1
217 371  1
14 372  1
289 372  1
81 375  1
330 377  1
307 381  1
375 381  1
379 382  1
155 392  1
176 392  1
22 393  1
169 397  1
395 399  1
285 400  1
321 406  1
278 407  1
395 414  1
222 415  1
35 417  1
273 417  1
417 422  1
378 423  1
254 424  1
108 431  1
223 431  1
344 433  1
420 435  1
61 436  1
295 437  1
234 441  1
359 442  1
133 443  1
155 445  1
290 446  1
399 446  1
107 447  1
220 448  1
248 449  1
16 450  1
234 451  1
110 457  1
174 458  1
284 463  1
254 470  1
400 472  1
338 477  1
38 478  1
404 478  1
423 483  1
468 484  1
294 486  1
360 488  1
273 494  1
12 499  1
371 499  1
407 500  1
60 502  1
427 503  1
205 504  1
186 505  1
94 507  1
38 508  1
316 509  1
403 510  1
211 511  1
451 512  1
14 516  1
457 516  1
95 517  1
56 520  1
151 533  1
375 534  1
151 539  1
32 540  1
477 547  1
412 550  1
370 552  1
246 554  1
178 561  1
504 561  1
512 562  1
312 567  1
508 567  1
407 568  1
431 570  1
246 573  1
243 575  1
578 581  1
238 582  1
185 583  1
314 584  1
563 587  1
535 589  1
25 590  1
127 592  1
190 594  1
194 594  1
277 596  1
595 596  1
372 597  1
535 598  1
506 599  1
545 604  1
197 605  1
389 606  1
293 608  1
167 610  1
424 613  1
61 616  1
338 617  1
260 618  1
156 621  1
391 622  1
159 625  1
169 625  1
323 626  1
250 628  1
532 630  1
630 631  1
547 633  1
108 634  1
478 634  1
335 635  1
616 637  1
595 639  1
605 640  1
194 642  1
452 642  1
625 652  1
111 653  1
209 653  1
126 654  1
8 657  1
16 662  1
17 662  1
465 669  1
502 673  1
177 677  1
117 678  1
404 681  1
614 683  1
458 684  1
20 690  1
146 690  1
38 692  1
400 697  1
638 697  1
265 699  1
83 700  1
206 701  1
490 703  1
238 705  1
552 707  1
171 708  1
28 709  1
511 711  1
700 713  1
659 715  1
632 716  1
675 716  1
8 717  1
291 717  1
313 717  1
470 717  1
711 717  1
170 718  1
10 719  1
577 719  1
568 720  1
549 721  1
614 722  1
37 726  1
393 726  1
235 727  1
243 728  1
358 730  1
639 731  1
282 732  1
645 732  1
186 733  1
218 734  1
593 734  1
393 735  1
174 737  1
385 738  1
19 739  1
324 739  1
300 740  1
705 741  1
302 742  1
498 742  1
293 744  1
344 745  1
549 745  1
22 747  1
430 749  1
583 751  1
708 751  1
496 755  1
129 757  1
93 759  1
427 759  1
485 759  1
490 761  1
494 761  1
467 762  1
229 763  1
40 768  1
16 771  1
190 771  1
355 772  1
440 772  1
673 772  1
554 773  1
262 776  1
135 778  1
93 779  1
260 779  1
457 779  1
594 779  1
603 779  1
435 781  1
244 786  1
538 788  1
17 793  1
171 793  1
632 794  1
538 795  1
180 796  1
554 796  1
250 799  1
192 800  1
740 804  1
249 806  1
670 806  1
125 807  1
226 807  1
225 808  1
146 809  1
47 810  1
38 813  1
122 813  1
570 813  1
439 814  1
694 815  1
339 816  1
366 817  1
418 817  1
423 817  1
751 819  1
213 821  1
336 821  1
698 821  1
629 823  1
601 824  1
285 828  1
91 829  1
368 829  1
252 830  1
565 830  1
78 831  1
510 831  1
164 833  1
299 833  1
168 834  1
366 834  1
478 834  1
593 836  1
338 841  1
124 842  1
648 847  1
359 848  1
438 849  1
645 850  1
778 851  1
560 853  1
84 855  1
118 855  1
477 856  1
21 859  1
114 859  1
141 860  1
502 861  1
562 862  1
570 862  1
772 862  1
21 864  1
499 864  1
718 864  1
802 864  1
725 865  1
235 866  1
410 868  1
537 868  1
779 868  1
357 869  1
433 870  1
26 872  1
33 873  1
824 873  1
692 874  1
93 876  1
616 876  1
488 877  1
355 878  1
716 879  1
843 880  1
34 881  1
672 883  1
542 884  1
63 885  1
697 888  1
622 890  1
495 892  1
264 895  1
174 899  1
450 899  1
660 899  1
232 900  1
23 901  1
686 901  1
851 901  1
56 902  1
882 903  1
185 904  1
316 904  1
253 905  1
499 905  1
773 906  1
183 907  1
563 908  1
714 909  1
642 910  1
59 913  1
199 917  1
811 917  1
450 920  1
210 921  1
216 926  1
255 927  1
783 927  1
188 928  1
855 928  1
217 929  1
385 929  1
682 932  1
62 935  1
575 935  1
879 938  1
438 939  1
753 939  1
840 939  1
454 940  1
34 941  1
609 943  1
270 945  1
321 945  1
607 945  1
549 946  1
65 948  1
772 948  1
891 948  1
830 949  1
842 951  1
588 953  1
693 954  1
405 956  1
432 956  1
456 956  1
505 956  1
934 956  1
694 959  1
4 960  1
46 963  1
885 963  1
514 964  1
611 966  1
199 967  1
276 967  1
841 967  1
764 968  1
780 970  1
496 972  1
328 974  1
418 974  1
733 974  1
220 979  1
288 979  1
520 979  1
563 979  1
741 979  1
726 980  1
602 981  1
193 983  1
357 983  1
348 988  1
423 989  1
806 989  1
821 989  1
892 989  1
16 993  1
894 993  1
277 994  1
945 994  1
139 996  1
221 996  1
933 997  1
