%%MatrixMarket matrix coordinate real general
% Generated 04-Mar-2013
1000 1000 493
11 36  1
16 79  1
75 89  1
50 108  1
16 122  1
100 122  1
29 131  1
98 137  1
9 143  1
122 154  1
145 158  1
34 186  1
169 187  1
137 202  1
125 208  1
55 211  1
63 212  1
33 217  1
52 222  1
12 227  1
113 234  1
221 241  1
162 245  1
156 246  1
223 250  1
1 251  1
22 256  1
54 261  1
33 265  1
84 267  1
56 275  1
84 277  1
11 285  1
232 285  1
178 290  1
46 292  1
229 293  1
219 298  1
24 303  1
279 309  1
154 310  1
37 311  1
56 313  1
148 314  1
202 314  1
237 316  1
194 317  1
181 318  1
205 319  1
122 340  1
323 340  1
234 341  1
328 347  1
242 348  1
25 355  1
136 357  1
312 366  1
47 368  1
256 370  1
132 372  1
150 375  1
196 375  1
62 379  1
241 380  1
104 383  1
104 384  1
63 394  1
368 396  1
288 398  1
22 399  1
190 399  1
297 404  1
46 406  1
302 406  1
4 409  1
285 413  1
170 416  1
363 416  1
168 417  1
192 418  1
347 424  1
296 427  1
112 428  1
330 435  1
169 441  1
269 441  1
62 455  1
198 464  1
395 464  1
412 466  1
74 469  1
270 469  1
275 469  1
277 471  1
176 474  1
245 474  1
351 476  1
293 477  1
301 480  1
39 481  1
86 483  1
317 486  1
229 488  1
478 491  1
363 496  1
198 497  1
183 499  1
177 502  1
394 502  1
408 502  1
340 503  1
494 503  1
337 509  1
67 510  1
335 515  1
156 516  1
222 517  1
387 517  1
186 521  1
411 522  1
18 524  1
121 525  1
75 526  1
510 526  1
122 531  1
326 532  1
34 533  1
214 535  1
488 537  1
392 538  1
17 539  1
186 539  1
531 541  1
476 542  1
533 544  1
328 546  1
70 550  1
425 550  1
27 552  1
526 556  1
386 558  1
484 558  1
78 562  1
332 563  1
157 566  1
317 567  1
407 567  1
548 567  1
564 568  1
183 571  1
569 571  1
357 574  1
247 581  1
289 582  1
431 583  1
195 585  1
192 586  1
176 587  1
349 587  1
565 587  1
157 588  1
531 589  1
265 590  1
322 592  1
127 594  1
122 595  1
583 595  1
155 596  1
219 596  1
66 597  1
431 599  1
287 601  1
276 602  1
548 607  1
239 610  1
596 611  1
95 612  1
440 614  1
305 615  1
403 618  1
315 619  1
100 622  1
22 623  1
267 624  1
243 628  1
460 628  1
595 633  1
159 634  1
125 635  1
274 636  1
221 638  1
360 640  1
535 641  1
131 642  1
444 643  1
13 645  1
151 645  1
27 648  1
370 649  1
499 649  1
585 650  1
327 652  1
362 652  1
495 652  1
232 653  1
137 654  1
352 654  1
309 655  1
576 655  1
137 657  1
274 657  1
373 658  1
484 658  1
532 658  1
182 659  1
326 661  1
592 663  1
182 664  1
185 668  1
406 668  1
115 671  1
399 672  1
524 672  1
585 673  1
543 674  1
155 675  1
251 679  1
458 679  1
501 679  1
524 679  1
124 680  1
559 681  1
376 684  1
3 685  1
354 687  1
301 688  1
529 692  1
589 692  1
207 695  1
363 695  1
13 702  1
139 702  1
351 702  1
544 702  1
587 702  1
501 703  1
240 705  1
182 706  1
639 708  1
361 709  1
177 712  1
522 712  1
63 715  1
331 717  1
618 717  1
226 718  1
46 719  1
446 722  1
202 723  1
150 725  1
189 725  1
95 727  1
388 727  1
455 731  1
6 732  1
331 732  1
582 733  1
583 734  1
697 735  1
177 737  1
629 738  1
675 738  1
714 739  1
614 740  1
717 740  1
718 740  1
113 742  1
355 742  1
415 744  1
198 745  1
160 747  1
223 748  1
534 749  1
314 750  1
637 752  1
80 754  1
541 756  1
708 758  1
670 759  1
690 759  1
259 761  1
217 762  1
594 763  1
684 763  1
764 766  1
654 769  1
130 770  1
330 772  1
735 773  1
757 773  1
414 774  1
6 775  1
648 775  1
249 776  1
14 777  1
560 777  1
175 778  1
408 778  1
172 779  1
531 782  1
645 782  1
33 784  1
23 786  1
196 786  1
366 789  1
422 789  1
96 791  1
171 793  1
676 793  1
363 794  1
728 794  1
217 797  1
551 798  1
301 803  1
673 803  1
508 804  1
262 806  1
209 809  1
751 810  1
554 811  1
762 813  1
142 814  1
274 814  1
323 815  1
361 820  1
549 820  1
578 822  1
66 825  1
762 825  1
383 826  1
392 826  1
770 826  1
564 831  1
418 834  1
486 834  1
389 836  1
660 836  1
662 836  1
731 836  1
167 838  1
355 839  1
360 839  1
99 840  1
381 844  1
42 846  1
667 846  1
674 846  1
113 847  1
578 852  1
780 852  1
12 853  1
573 853  1
837 853  1
55 854  1
230 856  1
633 856  1
455 857  1
653 857  1
154 858  1
542 861  1
323 862  1
371 863  1
740 864  1
810 865  1
479 866  1
506 867  1
551 868  1
628 868  1
512 869  1
823 869  1
686 871  1
765 871  1
344 872  1
381 872  1
460 873  1
706 873  1
94 875  1
777 877  1
209 879  1
255 879  1
237 880  1
708 880  1
405 881  1
673 883  1
50 887  1
553 888  1
138 889  1
207 890  1
273 892  1
629 892  1
524 894  1
52 895  1
310 895  1
676 897  1
773 897  1
434 898  1
262 900  1
213 901  1
248 901  1
90 902  1
887 903  1
421 904  1
311 905  1
851 907  1
832 908  1
847 908  1
128 909  1
617 910  1
597 912  1
796 913  1
646 914  1
19 915  1
243 920  1
422 920  1
63 921  1
902 921  1
250 922  1
347 925  1
646 925  1
878 925  1
95 926  1
518 926  1
492 929  1
337 930  1
502 930  1
528 930  1
691 931  1
69 934  1
12 935  1
548 939  1
801 942  1
834 945  1
936 945  1
442 946  1
738 947  1
787 947  1
632 948  1
896 950  1
413 952  1
571 952  1
72 954  1
82 954  1
547 955  1
148 956  1
897 957  1
930 957  1
746 959  1
751 959  1
220 960  1
414 960  1
186 963  1
962 964  1
681 967  1
627 968  1
106 969  1
570 970  1
487 975  1
590 977  1
26 978  1
397 978  1
401 978  1
711 979  1
837 979  1
850 983  1
304 985  1
587 985  1
780 985  1
131 988  1
439 988  1
645 988  1
791 988  1
810 988  1
288 989  1
275 990  1
754 990  1
946 991  1
224 992  1
454 992  1
633 992  1
271 993  1
944 995  1
313 997  1
914 998  1
