%%MatrixMarket matrix coordinate real general
% Generated 08-Mar-2013
200 200 121
21 29  1
21 33  1
40 43  1
15 49  1
8 50  1
52 53  1
9 54  1
41 63  1
56 70  1
23 72  1
52 74  1
46 75  1
16 77  1
57 80  1
5 81  1
21 81  1
58 82  1
75 82  1
63 83  1
65 83  1
70 83  1
70 84  1
42 91  1
85 93  1
66 97  1
68 97  1
88 98  1
4 100  1
16 100  1
34 100  1
47 100  1
12 102  1
47 103  1
11 105  1
15 106  1
96 106  1
36 110  1
99 111  1
89 112  1
105 112  1
15 113  1
27 113  1
43 113  1
26 114  1
49 114  1
92 114  1
36 118  1
34 119  1
57 120  1
96 120  1
6 122  1
34 122  1
121 122  1
42 124  1
91 124  1
20 126  1
22 126  1
124 128  1
54 129  1
58 129  1
85 129  1
56 140  1
101 140  1
82 143  1
134 146  1
44 148  1
128 149  1
100 153  1
107 154  1
14 156  1
156 158  1
51 159  1
71 159  1
105 159  1
145 161  1
53 162  1
40 165  1
59 165  1
141 165  1
149 165  1
136 166  1
85 167  1
104 167  1
20 169  1
68 169  1
142 169  1
114 171  1
157 171  1
44 172  1
39 173  1
109 173  1
33 174  1
110 174  1
173 174  1
111 176  1
104 177  1
154 177  1
31 178  1
29 180  1
39 180  1
64 180  1
127 180  1
136 180  1
110 181  1
37 183  1
93 186  1
92 187  1
99 187  1
170 188  1
4 189  1
71 189  1
21 192  1
171 192  1
21 193  1
77 194  1
103 194  1
32 195  1
122 195  1
102 196  1
73 197  1
103 199  1
