%%MatrixMarket matrix coordinate real general
% Generated 09-Mar-2013
200 200 93
17 30  1
17 45  1
30 45  1
39 49  1
32 61  1
43 61  1
51 61  1
13 65  1
60 66  1
19 68  1
39 70  1
46 71  1
57 73  1
70 76  1
49 77  1
50 77  1
61 77  1
34 78  1
48 80  1
2 86  1
40 86  1
14 95  1
8 96  1
33 98  1
95 98  1
88 103  1
2 104  1
64 105  1
28 106  1
65 106  1
89 108  1
104 108  1
48 109  1
61 109  1
12 112  1
33 116  1
46 120  1
38 121  1
90 123  1
98 125  1
115 130  1
18 133  1
19 137  1
8 138  1
107 138  1
57 141  1
16 144  1
77 145  1
55 147  1
119 147  1
145 148  1
112 151  1
149 152  1
135 153  1
125 159  1
46 161  1
134 163  1
7 164  1
12 168  1
68 168  1
86 168  1
112 168  1
120 168  1
21 171  1
85 172  1
146 174  1
167 174  1
80 175  1
137 176  1
152 176  1
154 178  1
30 179  1
51 179  1
142 179  1
67 180  1
29 181  1
14 183  1
8 184  1
35 184  1
108 184  1
102 188  1
139 189  1
57 193  1
89 193  1
125 195  1
32 196  1
47 197  1
61 197  1
72 197  1
126 198  1
167 198  1
13 199  1
169 200  1
