%%MatrixMarket matrix coordinate real general
% Generated 09-Mar-2013
200 200 109
5 6  1
5 13  1
9 15  1
5 22  1
26 33  1
29 37  1
37 39  1
15 41  1
18 48  1
43 51  1
21 54  1
38 68  1
71 76  1
19 77  1
54 81  1
76 84  1
55 87  1
63 87  1
72 89  1
81 89  1
23 90  1
20 91  1
84 93  1
61 97  1
36 98  1
81 100  1
66 101  1
18 103  1
37 103  1
94 105  1
49 106  1
58 106  1
99 110  1
81 112  1
16 113  1
89 113  1
21 115  1
83 116  1
102 117  1
3 121  1
66 122  1
63 125  1
92 128  1
60 129  1
48 130  1
91 131  1
102 134  1
35 135  1
32 137  1
37 137  1
54 138  1
37 143  1
62 143  1
142 144  1
17 151  1
72 152  1
145 152  1
40 154  1
57 155  1
41 156  1
86 158  1
65 160  1
118 162  1
70 165  1
109 165  1
57 166  1
91 166  1
159 166  1
106 167  1
86 168  1
125 168  1
14 169  1
12 170  1
74 170  1
9 171  1
14 172  1
31 172  1
155 172  1
113 174  1
7 178  1
22 179  1
136 179  1
99 180  1
78 182  1
115 182  1
110 183  1
65 184  1
92 185  1
167 185  1
42 186  1
84 186  1
168 187  1
176 187  1
84 189  1
170 190  1
79 191  1
146 191  1
1 194  1
113 195  1
137 196  1
117 198  1
146 198  1
183 198  1
19 199  1
124 199  1
57 200  1
117 200  1
144 200  1
182 200  1
