%%MatrixMarket matrix coordinate real general
% Generated 09-Mar-2013
200 200 104
2 3  1
2 5  1
5 14  1
14 19  1
18 28  1
5 30  1
14 38  1
2 43  1
43 46  1
9 47  1
4 51  1
28 51  1
54 57  1
56 64  1
25 74  1
13 85  1
25 86  1
37 87  1
26 90  1
25 93  1
23 94  1
58 94  1
23 97  1
16 100  1
71 103  1
68 104  1
78 105  1
94 105  1
95 107  1
18 109  1
65 109  1
78 111  1
44 113  1
52 116  1
70 116  1
70 118  1
82 119  1
70 122  1
108 122  1
39 123  1
73 124  1
58 128  1
88 129  1
10 131  1
81 132  1
37 133  1
56 133  1
94 133  1
127 134  1
43 135  1
107 135  1
58 137  1
7 139  1
4 140  1
76 140  1
138 140  1
22 141  1
3 142  1
22 142  1
33 142  1
74 145  1
98 149  1
146 149  1
69 150  1
85 150  1
130 151  1
146 151  1
33 153  1
37 156  1
148 157  1
125 159  1
128 160  1
144 161  1
41 164  1
136 164  1
54 167  1
150 167  1
11 172  1
63 173  1
80 173  1
171 173  1
78 174  1
75 175  1
137 175  1
45 177  1
93 177  1
146 179  1
115 181  1
173 181  1
104 184  1
37 186  1
3 187  1
129 187  1
161 188  1
173 191  1
13 194  1
42 194  1
145 194  1
75 195  1
94 197  1
196 197  1
189 198  1
193 198  1
186 199  1
