%%MatrixMarket matrix coordinate real general
% Generated 09-Mar-2013
200 200 84
22 38  1
3 51  1
43 52  1
13 59  1
37 60  1
13 65  1
27 69  1
66 74  1
23 75  1
31 75  1
68 77  1
12 79  1
29 80  1
36 87  1
56 92  1
84 93  1
20 98  1
35 98  1
73 100  1
98 105  1
14 108  1
27 109  1
74 109  1
41 110  1
56 110  1
88 116  1
104 116  1
56 121  1
42 122  1
56 122  1
63 124  1
102 126  1
44 129  1
82 131  1
10 136  1
85 136  1
95 136  1
130 137  1
79 138  1
10 140  1
116 140  1
100 141  1
142 143  1
95 144  1
59 146  1
72 148  1
58 149  1
117 151  1
138 151  1
26 153  1
1 155  1
118 155  1
17 156  1
44 160  1
48 160  1
16 164  1
122 164  1
29 165  1
43 169  1
88 169  1
146 170  1
155 170  1
67 171  1
48 173  1
166 174  1
82 175  1
140 177  1
166 177  1
21 178  1
41 178  1
38 182  1
153 183  1
13 184  1
133 185  1
151 190  1
131 191  1
84 193  1
39 195  1
51 195  1
7 196  1
67 196  1
91 197  1
131 199  1
158 200  1
