%%MatrixMarket matrix coordinate real general
% Generated 09-Mar-2013
200 200 95
24 34  1
23 36  1
20 39  1
4 41  1
43 45  1
19 48  1
48 65  1
10 70  1
9 71  1
39 72  1
10 74  1
38 76  1
40 76  1
67 78  1
75 79  1
58 80  1
9 88  1
13 88  1
85 88  1
54 91  1
36 101  1
2 105  1
81 106  1
1 108  1
26 108  1
13 109  1
22 109  1
90 109  1
41 110  1
21 113  1
94 114  1
3 115  1
51 115  1
64 117  1
1 119  1
38 120  1
4 122  1
95 122  1
94 124  1
6 127  1
88 129  1
55 133  1
32 134  1
93 135  1
2 136  1
19 137  1
91 137  1
60 139  1
123 140  1
55 141  1
38 145  1
97 145  1
118 145  1
15 146  1
123 146  1
145 147  1
5 148  1
39 148  1
54 149  1
30 152  1
27 154  1
150 154  1
149 155  1
115 156  1
21 157  1
37 160  1
27 163  1
131 167  1
90 168  1
38 169  1
80 169  1
55 171  1
83 173  1
142 176  1
168 176  1
53 178  1
79 178  1
81 178  1
72 180  1
158 180  1
56 182  1
183 185  1
63 186  1
11 187  1
135 187  1
21 190  1
57 191  1
96 191  1
182 192  1
157 193  1
192 196  1
43 198  1
166 198  1
37 199  1
164 199  1
