%%MatrixMarket matrix coordinate real general
% Generated 09-Mar-2013
200 200 110
7 19  1
17 21  1
7 29  1
17 30  1
6 35  1
41 45  1
6 46  1
38 47  1
39 53  1
4 54  1
44 61  1
62 63  1
24 65  1
29 68  1
7 70  1
22 75  1
45 76  1
27 77  1
51 78  1
31 79  1
19 81  1
6 90  1
26 92  1
10 95  1
89 105  1
81 106  1
14 109  1
39 110  1
85 110  1
30 111  1
2 113  1
107 114  1
55 115  1
107 115  1
92 116  1
98 117  1
88 118  1
34 120  1
29 121  1
79 121  1
53 130  1
89 130  1
69 131  1
45 132  1
88 132  1
72 134  1
8 136  1
107 136  1
41 137  1
42 137  1
115 138  1
69 140  1
125 140  1
133 140  1
137 142  1
104 143  1
63 144  1
53 145  1
125 145  1
122 146  1
75 147  1
29 148  1
68 148  1
79 149  1
27 151  1
83 153  1
59 155  1
25 161  1
152 161  1
10 163  1
86 163  1
43 164  1
126 164  1
157 164  1
6 166  1
23 166  1
75 168  1
138 168  1
32 169  1
5 170  1
97 170  1
87 171  1
80 172  1
113 172  1
8 173  1
159 173  1
19 174  1
79 174  1
88 174  1
73 176  1
37 178  1
166 179  1
172 182  1
136 183  1
32 186  1
163 186  1
20 187  1
41 187  1
15 190  1
155 190  1
71 191  1
150 191  1
133 192  1
47 193  1
10 194  1
83 195  1
95 195  1
108 198  1
64 200  1
183 200  1
