%%MatrixMarket matrix coordinate real general
% Generated 09-Mar-2013
200 200 94
6 8  1
7 16  1
13 17  1
12 22  1
9 24  1
24 28  1
8 35  1
4 38  1
33 39  1
14 41  1
2 43  1
15 43  1
12 53  1
21 53  1
45 53  1
46 60  1
39 72  1
7 75  1
49 75  1
16 81  1
10 83  1
64 93  1
53 95  1
47 97  1
77 100  1
98 106  1
43 107  1
70 108  1
100 108  1
81 112  1
102 113  1
116 121  1
42 122  1
67 123  1
87 123  1
34 127  1
72 127  1
40 131  1
78 136  1
12 141  1
12 142  1
112 142  1
120 143  1
27 146  1
47 146  1
52 147  1
142 149  1
78 150  1
12 152  1
14 152  1
127 152  1
12 154  1
136 154  1
139 154  1
109 155  1
52 156  1
18 158  1
87 158  1
80 159  1
16 162  1
160 163  1
114 164  1
148 167  1
93 168  1
116 169  1
40 170  1
72 170  1
50 172  1
143 174  1
156 174  1
47 177  1
76 177  1
113 177  1
169 177  1
89 178  1
71 179  1
96 181  1
155 182  1
160 182  1
28 183  1
14 184  1
53 187  1
95 188  1
88 189  1
148 189  1
179 191  1
38 194  1
76 194  1
12 195  1
83 195  1
174 195  1
71 196  1
38 198  1
196 198  1
