%%MatrixMarket matrix coordinate real general
% Generated 09-Mar-2013
200 200 98
7 11  1
2 30  1
17 35  1
7 36  1
33 37  1
19 44  1
22 47  1
14 56  1
54 59  1
41 65  1
62 71  1
21 72  1
5 73  1
15 75  1
73 76  1
58 83  1
75 84  1
80 85  1
71 87  1
81 88  1
67 89  1
85 92  1
21 95  1
58 95  1
27 97  1
29 98  1
72 100  1
81 100  1
24 103  1
85 104  1
72 105  1
84 105  1
20 107  1
21 109  1
78 109  1
36 111  1
56 123  1
108 125  1
63 128  1
57 129  1
27 131  1
130 132  1
15 133  1
115 133  1
107 135  1
113 135  1
5 136  1
90 136  1
121 136  1
133 141  1
79 142  1
81 142  1
95 143  1
28 145  1
56 146  1
74 146  1
41 148  1
130 151  1
62 152  1
139 156  1
81 157  1
51 160  1
152 161  1
159 162  1
64 163  1
158 167  1
119 168  1
107 171  1
125 171  1
51 174  1
8 175  1
26 176  1
166 176  1
6 179  1
149 179  1
119 181  1
50 184  1
115 184  1
164 185  1
13 186  1
27 186  1
32 186  1
79 186  1
139 187  1
6 188  1
154 188  1
26 190  1
131 190  1
41 191  1
154 192  1
43 194  1
57 195  1
111 197  1
143 197  1
47 198  1
148 198  1
47 200  1
138 200  1
