%%MatrixMarket matrix coordinate real general
% Generated 09-Mar-2013
200 200 101
1 13  1
13 20  1
7 22  1
22 23  1
18 33  1
28 45  1
40 45  1
31 47  1
22 49  1
12 50  1
46 53  1
11 68  1
73 77  1
57 79  1
68 81  1
76 85  1
13 89  1
76 90  1
4 91  1
3 95  1
21 95  1
7 100  1
75 101  1
29 102  1
91 103  1
28 104  1
49 105  1
72 111  1
63 113  1
22 114  1
60 114  1
32 116  1
19 117  1
50 117  1
118 124  1
46 125  1
50 126  1
112 127  1
122 127  1
94 128  1
73 129  1
128 129  1
50 130  1
111 133  1
37 135  1
63 135  1
39 136  1
45 136  1
11 139  1
118 139  1
9 141  1
52 142  1
53 142  1
60 143  1
8 145  1
44 147  1
30 148  1
78 148  1
13 152  1
56 152  1
77 152  1
95 153  1
133 155  1
54 156  1
68 157  1
36 158  1
20 159  1
82 159  1
31 160  1
78 160  1
104 160  1
26 161  1
94 162  1
10 164  1
50 165  1
64 166  1
51 167  1
60 167  1
65 167  1
37 168  1
54 168  1
60 174  1
163 175  1
136 179  1
162 180  1
32 181  1
172 181  1
16 185  1
14 188  1
41 188  1
45 188  1
133 188  1
132 190  1
134 190  1
18 192  1
136 192  1
156 192  1
142 194  1
138 195  1
109 198  1
132 198  1
