%%MatrixMarket matrix coordinate real general
% Generated 09-Mar-2013
200 200 117
5 9  1
1 16  1
12 16  1
2 29  1
10 35  1
20 41  1
26 42  1
31 42  1
36 44  1
41 48  1
26 50  1
27 52  1
19 59  1
60 64  1
71 73  1
60 74  1
62 78  1
15 80  1
60 81  1
24 85  1
14 90  1
47 90  1
82 90  1
66 94  1
24 96  1
52 96  1
58 100  1
43 101  1
90 101  1
83 104  1
4 105  1
58 105  1
4 107  1
16 108  1
20 109  1
52 109  1
105 110  1
79 111  1
103 111  1
25 113  1
74 113  1
84 115  1
6 116  1
46 117  1
5 120  1
112 120  1
74 121  1
99 121  1
69 122  1
36 124  1
56 124  1
119 124  1
98 125  1
18 126  1
46 126  1
54 126  1
30 127  1
82 127  1
83 128  1
21 129  1
94 129  1
116 129  1
110 130  1
10 132  1
130 133  1
27 136  1
1 137  1
31 138  1
85 138  1
128 138  1
78 139  1
117 140  1
129 141  1
20 143  1
120 144  1
85 147  1
43 148  1
142 152  1
111 153  1
144 153  1
33 154  1
35 155  1
86 155  1
72 158  1
43 160  1
16 163  1
25 165  1
155 165  1
68 166  1
6 168  1
126 169  1
7 170  1
164 171  1
108 172  1
131 172  1
125 174  1
96 175  1
33 176  1
125 177  1
81 178  1
173 178  1
117 179  1
25 181  1
29 181  1
91 181  1
119 182  1
90 183  1
10 184  1
33 184  1
118 185  1
12 186  1
6 190  1
147 190  1
160 192  1
179 192  1
52 198  1
60 200  1
