%%MatrixMarket matrix coordinate real general
% Generated 09-Mar-2013
200 200 101
1 13  1
23 36  1
18 41  1
15 42  1
4 45  1
9 54  1
25 58  1
54 59  1
3 64  1
27 64  1
58 66  1
22 70  1
7 71  1
2 76  1
25 77  1
16 79  1
62 83  1
36 86  1
73 94  1
55 96  1
45 105  1
48 105  1
97 105  1
21 106  1
29 110  1
36 111  1
5 112  1
18 112  1
19 113  1
118 122  1
22 123  1
46 126  1
13 128  1
115 129  1
69 131  1
57 132  1
43 134  1
109 134  1
79 136  1
90 137  1
64 138  1
20 139  1
22 140  1
109 140  1
62 141  1
91 143  1
7 145  1
39 147  1
65 147  1
109 147  1
120 148  1
102 150  1
115 150  1
105 151  1
147 151  1
17 152  1
18 152  1
29 152  1
55 152  1
118 152  1
40 153  1
54 153  1
13 154  1
65 155  1
135 155  1
115 156  1
19 158  1
42 158  1
84 158  1
44 160  1
140 162  1
161 162  1
26 164  1
14 166  1
149 167  1
99 169  1
166 170  1
81 171  1
107 172  1
54 176  1
74 177  1
63 178  1
70 178  1
104 179  1
114 180  1
172 180  1
135 186  1
102 187  1
70 188  1
84 188  1
130 188  1
161 188  1
115 192  1
175 196  1
51 197  1
124 197  1
148 197  1
170 198  1
153 199  1
195 199  1
94 200  1
