%%MatrixMarket matrix coordinate real general
% Generated 09-Mar-2013
200 200 113
17 33  1
31 36  1
21 44  1
14 47  1
34 52  1
42 52  1
8 54  1
25 56  1
42 59  1
8 62  1
26 62  1
52 63  1
14 66  1
18 66  1
20 70  1
29 77  1
9 84  1
60 84  1
68 84  1
45 86  1
28 88  1
58 91  1
83 92  1
2 93  1
15 93  1
14 94  1
14 95  1
93 95  1
56 98  1
34 101  1
69 101  1
101 107  1
32 116  1
63 118  1
104 118  1
40 120  1
68 120  1
46 122  1
81 122  1
111 126  1
92 128  1
125 128  1
65 129  1
14 131  1
60 132  1
97 133  1
35 136  1
117 136  1
36 137  1
95 138  1
98 138  1
101 139  1
109 139  1
73 140  1
16 141  1
25 141  1
134 141  1
118 143  1
94 144  1
14 145  1
2 147  1
57 148  1
1 149  1
19 149  1
8 153  1
42 154  1
104 154  1
42 155  1
97 155  1
6 156  1
126 156  1
151 156  1
106 157  1
94 159  1
137 159  1
145 159  1
19 161  1
61 161  1
127 166  1
9 167  1
95 167  1
60 171  1
116 171  1
32 173  1
87 173  1
14 175  1
47 175  1
144 175  1
119 176  1
6 177  1
91 177  1
101 177  1
58 178  1
56 180  1
128 181  1
106 183  1
1 184  1
31 187  1
92 188  1
140 188  1
158 188  1
164 188  1
50 189  1
84 190  1
102 192  1
31 195  1
103 195  1
14 196  1
33 196  1
140 196  1
93 198  1
53 199  1
110 199  1
