%%MatrixMarket matrix coordinate real general
% Generated 09-Mar-2013
200 200 104
9 25  1
16 28  1
13 36  1
35 38  1
11 46  1
9 55  1
16 57  1
38 69  1
19 70  1
34 73  1
74 76  1
55 79  1
73 79  1
76 80  1
22 81  1
19 83  1
27 87  1
24 88  1
43 92  1
56 94  1
71 94  1
34 96  1
12 100  1
50 102  1
77 102  1
38 104  1
74 104  1
91 104  1
41 106  1
93 109  1
10 113  1
92 113  1
47 116  1
73 117  1
99 117  1
77 119  1
74 120  1
94 120  1
31 125  1
116 125  1
7 126  1
21 128  1
60 128  1
125 130  1
32 132  1
94 133  1
29 135  1
87 135  1
119 135  1
70 136  1
2 137  1
88 137  1
51 138  1
77 142  1
89 142  1
60 143  1
84 143  1
88 143  1
2 144  1
139 144  1
26 146  1
58 146  1
139 146  1
20 148  1
138 148  1
106 149  1
121 150  1
99 152  1
35 153  1
118 153  1
85 154  1
33 155  1
109 155  1
117 158  1
158 160  1
33 162  1
49 163  1
44 164  1
122 164  1
151 166  1
143 167  1
19 170  1
122 171  1
30 178  1
64 179  1
65 180  1
14 186  1
77 186  1
10 190  1
113 190  1
116 190  1
175 191  1
117 192  1
146 193  1
191 193  1
43 194  1
135 194  1
30 195  1
158 195  1
180 195  1
169 196  1
5 197  1
8 199  1
34 200  1
