%%MatrixMarket matrix coordinate real general
% Generated 06-Mar-2013
1000 1000 2494
2 22  1
19 23  1
19 27  1
29 36  1
13 39  1
38 42  1
50 52  1
4 57  1
33 57  1
42 60  1
33 66  1
27 68  1
9 71  1
38 78  1
57 78  1
75 83  1
84 87  1
47 89  1
58 91  1
43 97  1
98 99  1
28 104  1
90 108  1
97 116  1
93 117  1
111 119  1
3 122  1
66 122  1
86 124  1
106 127  1
78 129  1
94 130  1
106 130  1
57 132  1
23 134  1
8 137  1
92 139  1
97 139  1
132 139  1
48 141  1
22 144  1
137 144  1
76 146  1
114 146  1
25 148  1
35 148  1
82 150  1
44 151  1
119 151  1
139 152  1
48 156  1
8 157  1
133 158  1
142 158  1
116 159  1
49 160  1
26 161  1
141 161  1
43 162  1
52 163  1
23 164  1
69 164  1
106 168  1
106 169  1
8 170  1
70 171  1
23 173  1
93 174  1
57 175  1
120 175  1
4 176  1
20 176  1
75 177  1
45 178  1
105 179  1
101 182  1
133 182  1
128 184  1
184 186  1
175 187  1
179 187  1
145 189  1
167 189  1
142 190  1
169 190  1
5 192  1
18 192  1
169 192  1
5 193  1
16 194  1
175 196  1
37 198  1
150 200  1
113 201  1
198 202  1
7 203  1
55 204  1
61 205  1
129 207  1
131 208  1
122 209  1
11 210  1
50 211  1
72 212  1
115 212  1
181 213  1
41 219  1
103 219  1
120 219  1
4 220  1
100 220  1
114 220  1
118 221  1
41 222  1
129 223  1
106 227  1
135 227  1
147 227  1
224 227  1
177 228  1
8 230  1
214 232  1
195 233  1
67 234  1
134 234  1
163 234  1
129 236  1
119 237  1
121 237  1
203 237  1
207 237  1
226 238  1
107 239  1
107 240  1
47 242  1
157 243  1
154 244  1
73 245  1
210 245  1
9 247  1
106 247  1
217 248  1
174 250  1
2 254  1
196 255  1
72 256  1
121 258  1
133 258  1
239 258  1
83 259  1
194 259  1
62 260  1
57 261  1
214 261  1
259 262  1
79 263  1
204 263  1
172 265  1
4 266  1
94 266  1
45 267  1
132 267  1
177 268  1
21 270  1
208 270  1
177 273  1
199 273  1
6 274  1
114 274  1
34 275  1
26 276  1
9 278  1
254 278  1
82 281  1
22 283  1
38 283  1
62 283  1
37 284  1
252 284  1
255 284  1
260 284  1
9 285  1
76 286  1
150 286  1
166 286  1
127 289  1
196 289  1
257 290  1
259 290  1
278 291  1
123 292  1
230 292  1
134 293  1
193 293  1
282 293  1
175 294  1
260 294  1
211 297  1
250 298  1
248 301  1
126 302  1
33 303  1
110 303  1
289 303  1
188 304  1
228 304  1
234 305  1
29 306  1
278 308  1
151 310  1
177 310  1
138 313  1
139 315  1
175 315  1
206 315  1
89 316  1
131 317  1
43 320  1
185 320  1
305 320  1
26 322  1
283 322  1
78 323  1
151 323  1
54 324  1
226 324  1
317 324  1
113 326  1
129 326  1
95 328  1
170 328  1
71 329  1
190 329  1
231 329  1
267 330  1
91 331  1
45 332  1
151 334  1
169 334  1
65 335  1
227 335  1
301 335  1
6 337  1
208 337  1
13 338  1
19 338  1
128 339  1
144 339  1
296 339  1
203 340  1
53 341  1
254 341  1
328 341  1
156 342  1
263 343  1
265 343  1
115 344  1
111 345  1
85 346  1
24 347  1
8 348  1
52 348  1
191 348  1
24 349  1
93 349  1
117 349  1
186 349  1
278 349  1
15 351  1
117 351  1
83 353  1
226 353  1
305 353  1
178 355  1
232 355  1
203 356  1
293 356  1
322 356  1
55 357  1
3 359  1
7 359  1
23 359  1
117 359  1
335 359  1
92 360  1
62 361  1
218 361  1
224 361  1
235 361  1
72 362  1
241 362  1
273 362  1
356 362  1
49 364  1
346 364  1
55 365  1
150 366  1
198 366  1
146 367  1
200 367  1
85 369  1
221 369  1
288 369  1
17 370  1
120 370  1
137 370  1
167 370  1
146 371  1
355 371  1
18 372  1
45 372  1
76 372  1
212 372  1
223 372  1
15 374  1
138 374  1
242 374  1
259 375  1
40 377  1
88 377  1
220 378  1
208 379  1
353 379  1
197 380  1
122 381  1
276 381  1
210 382  1
289 382  1
313 382  1
3 383  1
54 383  1
81 383  1
115 384  1
113 386  1
347 386  1
62 387  1
351 387  1
365 387  1
137 388  1
268 388  1
319 388  1
39 389  1
369 389  1
108 390  1
324 391  1
27 392  1
104 392  1
21 393  1
94 393  1
133 393  1
346 393  1
55 394  1
243 394  1
310 394  1
348 394  1
15 395  1
166 395  1
178 395  1
162 397  1
259 397  1
317 397  1
38 398  1
186 398  1
139 400  1
1 402  1
130 402  1
191 402  1
134 403  1
162 403  1
281 403  1
319 403  1
215 404  1
126 405  1
146 405  1
166 405  1
335 405  1
241 406  1
40 407  1
144 407  1
207 407  1
224 407  1
322 408  1
329 408  1
9 409  1
22 409  1
379 409  1
147 410  1
246 411  1
22 412  1
327 413  1
24 414  1
39 414  1
160 415  1
54 416  1
169 416  1
249 416  1
1 417  1
35 418  1
254 418  1
158 419  1
417 420  1
275 421  1
339 421  1
394 421  1
95 422  1
30 423  1
318 423  1
359 423  1
81 424  1
198 424  1
76 425  1
112 427  1
177 429  1
331 429  1
423 429  1
21 430  1
38 430  1
69 430  1
130 430  1
220 431  1
192 432  1
224 432  1
285 433  1
427 433  1
203 434  1
391 434  1
20 435  1
100 435  1
281 435  1
335 435  1
210 436  1
305 437  1
416 437  1
80 438  1
100 439  1
262 439  1
340 439  1
363 439  1
250 440  1
138 441  1
153 441  1
184 441  1
256 441  1
298 441  1
184 442  1
309 442  1
383 442  1
436 442  1
186 443  1
205 444  1
369 444  1
18 445  1
51 445  1
183 445  1
389 445  1
297 446  1
423 446  1
104 447  1
125 447  1
385 447  1
142 448  1
28 449  1
88 449  1
211 449  1
195 450  1
30 451  1
249 451  1
256 451  1
5 452  1
70 452  1
234 452  1
88 453  1
171 453  1
323 454  1
325 454  1
147 455  1
239 455  1
215 456  1
294 456  1
383 456  1
48 459  1
194 459  1
198 459  1
259 459  1
375 459  1
204 460  1
347 462  1
119 463  1
142 463  1
244 463  1
134 464  1
292 465  1
36 467  1
267 467  1
279 467  1
18 469  1
113 469  1
364 469  1
394 469  1
30 470  1
442 470  1
266 471  1
300 471  1
328 472  1
31 473  1
39 474  1
16 475  1
124 475  1
323 475  1
9 476  1
156 476  1
219 476  1
273 476  1
409 476  1
60 479  1
151 479  1
171 479  1
12 480  1
142 480  1
366 480  1
93 481  1
474 481  1
72 482  1
383 482  1
137 483  1
251 483  1
297 483  1
320 483  1
168 485  1
274 485  1
82 486  1
204 486  1
289 486  1
293 486  1
193 487  1
1 488  1
25 488  1
216 490  1
423 490  1
233 491  1
6 492  1
246 492  1
288 492  1
149 493  1
31 494  1
268 494  1
487 495  1
78 496  1
176 496  1
410 496  1
5 497  1
60 497  1
251 497  1
294 497  1
338 497  1
395 497  1
434 497  1
454 497  1
50 498  1
330 498  1
352 498  1
444 498  1
477 498  1
467 499  1
121 500  1
136 500  1
418 500  1
84 501  1
337 501  1
158 502  1
270 502  1
389 502  1
411 502  1
54 503  1
74 503  1
139 503  1
434 503  1
82 504  1
116 504  1
179 504  1
287 504  1
340 505  1
418 505  1
454 505  1
485 505  1
5 506  1
327 506  1
15 507  1
43 507  1
67 507  1
198 507  1
71 508  1
85 508  1
261 508  1
397 508  1
58 509  1
266 509  1
374 509  1
94 510  1
116 510  1
171 510  1
323 510  1
420 510  1
179 511  1
447 511  1
181 512  1
350 512  1
266 513  1
374 513  1
89 514  1
230 514  1
269 515  1
333 515  1
215 517  1
343 517  1
345 517  1
408 517  1
504 517  1
5 518  1
98 518  1
103 518  1
118 518  1
77 519  1
508 519  1
262 520  1
8 521  1
130 522  1
154 522  1
486 522  1
117 523  1
289 523  1
325 523  1
459 523  1
210 524  1
385 524  1
32 525  1
174 525  1
195 525  1
238 525  1
264 525  1
471 525  1
515 527  1
114 528  1
133 528  1
165 528  1
231 528  1
293 528  1
381 528  1
403 528  1
89 529  1
90 529  1
318 529  1
463 529  1
508 529  1
454 530  1
158 531  1
287 531  1
295 531  1
476 531  1
519 531  1
332 532  1
125 533  1
163 533  1
180 533  1
481 533  1
63 534  1
65 534  1
131 535  1
195 535  1
381 535  1
500 535  1
335 536  1
370 536  1
428 536  1
101 537  1
233 537  1
257 537  1
379 537  1
399 537  1
149 538  1
374 538  1
445 538  1
465 538  1
511 538  1
71 539  1
83 539  1
98 539  1
347 539  1
447 539  1
408 540  1
498 540  1
47 541  1
500 541  1
88 542  1
41 543  1
81 543  1
471 543  1
497 543  1
511 544  1
89 545  1
145 545  1
265 545  1
193 546  1
223 546  1
315 546  1
436 546  1
480 546  1
270 547  1
406 548  1
460 548  1
60 549  1
363 549  1
407 549  1
492 549  1
43 550  1
390 550  1
542 551  1
93 552  1
365 552  1
436 552  1
448 552  1
345 553  1
463 553  1
540 553  1
222 554  1
251 554  1
17 555  1
445 555  1
98 557  1
396 557  1
135 558  1
136 558  1
222 558  1
247 558  1
467 559  1
60 560  1
402 560  1
526 561  1
109 562  1
144 563  1
290 563  1
175 564  1
497 565  1
540 565  1
244 566  1
22 567  1
238 567  1
254 567  1
324 567  1
158 568  1
283 568  1
401 568  1
402 568  1
456 568  1
506 568  1
346 569  1
387 569  1
501 569  1
27 570  1
119 571  1
181 571  1
498 571  1
69 572  1
105 572  1
133 572  1
227 572  1
212 573  1
220 573  1
339 573  1
524 573  1
540 573  1
554 574  1
35 575  1
46 575  1
69 575  1
345 575  1
408 575  1
493 575  1
158 576  1
171 576  1
276 576  1
281 576  1
532 576  1
542 576  1
93 577  1
411 577  1
457 577  1
559 577  1
114 578  1
132 578  1
301 578  1
499 578  1
398 580  1
477 580  1
560 580  1
308 581  1
177 582  1
209 582  1
567 582  1
177 583  1
216 583  1
248 583  1
277 583  1
482 583  1
222 584  1
298 584  1
537 584  1
67 585  1
396 585  1
545 585  1
445 586  1
325 587  1
478 587  1
499 587  1
462 588  1
556 588  1
20 589  1
340 589  1
399 589  1
466 589  1
486 589  1
498 589  1
40 590  1
146 590  1
281 590  1
301 590  1
310 590  1
348 590  1
576 590  1
156 591  1
366 591  1
279 592  1
115 593  1
166 593  1
394 594  1
406 594  1
463 594  1
543 594  1
53 595  1
553 595  1
124 596  1
308 596  1
42 597  1
423 597  1
571 597  1
357 598  1
250 599  1
297 599  1
378 599  1
283 600  1
515 600  1
590 600  1
16 601  1
64 601  1
275 601  1
351 601  1
361 601  1
106 602  1
116 602  1
125 602  1
11 603  1
311 603  1
351 603  1
422 603  1
21 604  1
395 604  1
432 604  1
256 605  1
43 606  1
281 606  1
486 606  1
547 606  1
298 607  1
324 607  1
391 607  1
72 608  1
145 608  1
245 608  1
255 608  1
380 608  1
496 608  1
68 609  1
267 609  1
299 610  1
592 610  1
599 610  1
28 611  1
241 611  1
292 611  1
386 611  1
438 611  1
17 612  1
281 612  1
305 612  1
410 612  1
478 612  1
201 613  1
484 613  1
488 613  1
75 614  1
207 616  1
344 616  1
406 616  1
10 617  1
47 617  1
204 618  1
375 618  1
70 619  1
292 619  1
498 619  1
512 619  1
543 619  1
5 620  1
171 620  1
525 620  1
342 621  1
382 621  1
443 621  1
539 621  1
331 622  1
359 622  1
369 622  1
379 622  1
399 622  1
454 622  1
596 622  1
23 624  1
333 624  1
383 624  1
516 624  1
574 624  1
578 624  1
197 625  1
331 625  1
374 625  1
462 626  1
207 627  1
442 627  1
453 627  1
302 628  1
364 628  1
474 628  1
484 628  1
146 629  1
187 629  1
222 629  1
450 629  1
458 629  1
549 629  1
588 630  1
341 631  1
441 631  1
458 631  1
566 631  1
23 632  1
32 632  1
429 632  1
212 633  1
327 633  1
339 633  1
495 633  1
618 633  1
106 634  1
292 634  1
403 634  1
594 634  1
384 635  1
535 635  1
11 636  1
88 636  1
391 636  1
606 636  1
263 638  1
297 638  1
385 638  1
497 638  1
13 639  1
84 639  1
269 639  1
322 639  1
459 639  1
481 639  1
554 639  1
92 640  1
177 640  1
391 640  1
491 640  1
111 641  1
263 641  1
285 641  1
5 642  1
183 643  1
457 643  1
559 643  1
587 643  1
588 643  1
27 644  1
211 644  1
286 644  1
27 645  1
52 645  1
181 645  1
293 645  1
320 645  1
178 646  1
352 646  1
119 647  1
213 647  1
180 648  1
79 649  1
514 649  1
453 650  1
521 650  1
15 651  1
21 651  1
29 651  1
133 652  1
153 652  1
196 652  1
264 652  1
402 652  1
570 652  1
179 653  1
272 653  1
76 654  1
355 654  1
180 655  1
188 655  1
335 655  1
472 655  1
648 656  1
649 656  1
336 657  1
346 657  1
449 657  1
569 657  1
652 657  1
48 658  1
53 658  1
98 658  1
111 658  1
353 658  1
59 659  1
241 659  1
409 659  1
462 659  1
507 659  1
405 660  1
504 660  1
527 660  1
268 661  1
379 661  1
480 661  1
69 662  1
96 662  1
157 662  1
366 662  1
375 662  1
396 662  1
246 663  1
279 663  1
152 664  1
291 664  1
346 664  1
493 664  1
545 664  1
660 664  1
33 665  1
54 665  1
69 665  1
152 665  1
643 665  1
86 667  1
171 667  1
82 668  1
219 668  1
423 668  1
100 669  1
187 669  1
329 669  1
545 669  1
175 670  1
197 670  1
203 670  1
275 670  1
412 670  1
467 670  1
504 670  1
13 671  1
45 671  1
241 671  1
420 671  1
595 671  1
608 671  1
655 671  1
656 671  1
222 672  1
239 672  1
378 672  1
582 673  1
489 674  1
644 674  1
43 675  1
262 675  1
299 675  1
355 675  1
374 675  1
490 675  1
37 676  1
160 676  1
414 676  1
503 676  1
520 676  1
5 677  1
10 677  1
325 677  1
102 678  1
148 678  1
341 678  1
472 678  1
474 678  1
568 678  1
601 678  1
180 679  1
555 679  1
643 679  1
25 680  1
153 680  1
183 680  1
425 680  1
485 680  1
70 682  1
99 682  1
279 682  1
286 682  1
373 682  1
139 683  1
115 684  1
161 684  1
367 684  1
409 684  1
208 685  1
272 685  1
117 686  1
209 686  1
145 687  1
241 687  1
620 687  1
20 688  1
329 688  1
583 688  1
637 688  1
640 688  1
2 689  1
272 689  1
293 689  1
16 690  1
111 690  1
545 690  1
546 690  1
619 690  1
25 691  1
104 691  1
179 691  1
259 691  1
4 692  1
513 692  1
557 692  1
80 693  1
418 694  1
484 694  1
56 695  1
110 695  1
419 695  1
502 695  1
569 695  1
619 695  1
641 695  1
123 696  1
235 696  1
18 697  1
598 697  1
673 697  1
415 699  1
83 700  1
112 700  1
240 700  1
168 702  1
344 702  1
81 703  1
133 703  1
548 703  1
378 704  1
610 704  1
654 704  1
453 705  1
77 706  1
331 706  1
664 706  1
125 707  1
150 707  1
251 707  1
305 707  1
312 707  1
81 708  1
540 708  1
624 708  1
70 709  1
294 709  1
422 709  1
591 709  1
90 710  1
258 710  1
371 710  1
389 710  1
418 710  1
423 710  1
493 710  1
62 711  1
673 711  1
242 712  1
332 712  1
430 712  1
642 713  1
238 714  1
483 714  1
568 714  1
144 715  1
184 715  1
625 715  1
57 716  1
148 716  1
391 716  1
402 716  1
430 716  1
10 717  1
96 717  1
121 717  1
233 717  1
413 717  1
628 717  1
389 718  1
424 718  1
642 718  1
67 719  1
183 719  1
198 719  1
304 719  1
471 719  1
481 719  1
685 719  1
95 720  1
116 720  1
122 720  1
289 720  1
338 720  1
339 720  1
378 720  1
631 721  1
642 721  1
39 722  1
90 722  1
565 722  1
517 723  1
143 724  1
373 724  1
460 724  1
480 724  1
514 724  1
546 724  1
563 724  1
648 724  1
41 725  1
92 725  1
327 725  1
400 725  1
579 725  1
594 725  1
681 725  1
723 725  1
287 726  1
335 726  1
24 727  1
66 727  1
316 727  1
603 727  1
52 728  1
96 728  1
292 728  1
554 728  1
210 729  1
124 730  1
149 730  1
272 730  1
407 730  1
469 730  1
551 730  1
19 731  1
106 731  1
191 731  1
221 732  1
263 732  1
630 732  1
662 732  1
256 733  1
270 733  1
294 733  1
355 733  1
675 733  1
601 734  1
496 735  1
73 736  1
78 736  1
103 736  1
533 736  1
590 736  1
33 737  1
57 737  1
109 737  1
266 737  1
407 737  1
530 737  1
570 737  1
36 738  1
97 738  1
359 738  1
537 738  1
640 738  1
733 738  1
23 739  1
25 739  1
134 739  1
533 739  1
211 740  1
380 740  1
437 740  1
441 740  1
13 741  1
19 741  1
251 741  1
283 741  1
466 741  1
701 741  1
17 742  1
250 742  1
401 742  1
154 743  1
493 743  1
702 743  1
68 744  1
71 744  1
208 744  1
273 744  1
300 744  1
340 744  1
362 744  1
404 744  1
582 744  1
679 744  1
710 744  1
59 745  1
270 745  1
612 745  1
567 746  1
24 747  1
232 747  1
734 747  1
168 748  1
225 748  1
286 748  1
543 748  1
602 748  1
643 748  1
652 748  1
50 749  1
58 749  1
69 749  1
115 749  1
460 749  1
662 750  1
475 751  1
197 752  1
255 752  1
256 752  1
21 753  1
215 753  1
315 753  1
698 753  1
54 754  1
241 754  1
467 754  1
581 754  1
70 755  1
236 755  1
488 755  1
178 756  1
355 756  1
66 757  1
296 757  1
316 757  1
471 757  1
561 757  1
722 757  1
149 758  1
448 758  1
692 758  1
275 759  1
360 759  1
649 759  1
676 759  1
137 760  1
405 760  1
599 760  1
679 760  1
196 761  1
549 761  1
734 761  1
143 762  1
151 762  1
236 762  1
253 762  1
283 762  1
453 762  1
37 763  1
177 763  1
281 763  1
296 763  1
135 764  1
401 764  1
470 764  1
660 764  1
1 765  1
111 765  1
272 765  1
363 765  1
113 766  1
437 766  1
649 766  1
723 766  1
739 766  1
10 767  1
181 767  1
210 767  1
275 767  1
315 767  1
475 767  1
67 768  1
421 768  1
485 768  1
105 769  1
164 769  1
234 769  1
537 769  1
767 769  1
92 770  1
161 770  1
650 770  1
139 771  1
269 771  1
449 771  1
553 771  1
657 771  1
712 771  1
59 772  1
65 772  1
348 772  1
357 772  1
577 772  1
414 773  1
472 773  1
126 774  1
153 774  1
655 774  1
708 774  1
375 775  1
544 775  1
666 775  1
264 776  1
314 776  1
431 776  1
484 776  1
12 777  1
148 777  1
322 777  1
394 777  1
549 777  1
633 777  1
127 778  1
224 778  1
277 778  1
691 778  1
758 778  1
286 779  1
374 779  1
423 779  1
578 779  1
353 780  1
357 780  1
614 780  1
40 781  1
697 781  1
751 781  1
15 782  1
147 782  1
415 783  1
505 783  1
583 783  1
594 783  1
61 784  1
86 784  1
97 784  1
328 784  1
125 785  1
477 785  1
31 786  1
41 786  1
544 786  1
589 786  1
685 786  1
723 786  1
349 787  1
571 787  1
775 787  1
271 788  1
153 789  1
470 789  1
495 789  1
643 789  1
96 790  1
330 790  1
696 790  1
299 791  1
348 791  1
393 791  1
332 792  1
736 792  1
253 793  1
427 793  1
475 793  1
506 793  1
571 793  1
572 793  1
5 794  1
110 794  1
377 794  1
422 794  1
572 794  1
619 794  1
81 795  1
144 795  1
470 795  1
602 795  1
682 795  1
738 795  1
124 796  1
133 796  1
280 796  1
299 796  1
463 796  1
502 796  1
32 797  1
98 797  1
141 798  1
660 798  1
28 799  1
31 799  1
399 799  1
632 799  1
674 799  1
725 799  1
168 800  1
517 800  1
64 801  1
261 801  1
263 801  1
311 801  1
315 801  1
434 801  1
97 802  1
114 803  1
565 803  1
656 803  1
681 803  1
78 804  1
236 804  1
443 804  1
731 804  1
330 805  1
564 805  1
729 805  1
279 806  1
382 806  1
424 806  1
22 807  1
106 807  1
173 807  1
358 807  1
362 807  1
436 807  1
82 808  1
96 808  1
354 808  1
686 808  1
781 808  1
803 809  1
259 810  1
431 810  1
582 810  1
792 810  1
809 810  1
49 811  1
141 811  1
206 811  1
333 811  1
447 811  1
86 812  1
42 813  1
345 813  1
441 813  1
219 814  1
369 814  1
681 814  1
75 815  1
81 815  1
90 815  1
148 815  1
200 815  1
512 815  1
561 815  1
381 816  1
465 816  1
530 816  1
339 817  1
416 817  1
567 817  1
622 817  1
208 818  1
236 818  1
241 818  1
384 818  1
485 818  1
719 818  1
681 819  1
64 820  1
155 820  1
189 820  1
242 820  1
293 820  1
305 820  1
763 820  1
43 821  1
425 821  1
472 821  1
218 822  1
352 822  1
532 822  1
664 822  1
751 822  1
560 823  1
595 823  1
272 824  1
596 824  1
603 824  1
687 824  1
389 825  1
640 825  1
126 826  1
172 826  1
323 826  1
401 826  1
480 826  1
494 826  1
560 826  1
568 826  1
670 826  1
799 826  1
175 827  1
306 828  1
409 828  1
602 828  1
616 828  1
683 828  1
737 828  1
788 828  1
180 829  1
314 829  1
488 829  1
743 829  1
173 830  1
300 830  1
405 830  1
463 830  1
545 830  1
583 830  1
644 830  1
663 830  1
741 830  1
232 831  1
427 831  1
445 831  1
723 831  1
90 832  1
224 832  1
231 832  1
331 832  1
479 832  1
655 832  1
790 832  1
258 833  1
266 833  1
396 833  1
442 833  1
805 833  1
99 834  1
362 835  1
604 835  1
632 835  1
809 835  1
141 836  1
211 836  1
547 836  1
732 836  1
774 836  1
272 837  1
326 837  1
548 837  1
2 838  1
174 838  1
234 838  1
241 838  1
409 838  1
439 838  1
539 838  1
685 838  1
254 839  1
458 839  1
534 839  1
736 839  1
740 839  1
787 839  1
72 840  1
391 840  1
504 840  1
537 840  1
708 840  1
723 840  1
54 841  1
348 841  1
733 841  1
753 841  1
529 842  1
782 842  1
163 843  1
279 843  1
632 843  1
763 843  1
579 844  1
684 844  1
697 844  1
818 844  1
832 844  1
24 845  1
103 845  1
675 845  1
804 845  1
485 846  1
521 846  1
815 846  1
86 847  1
116 847  1
122 847  1
176 847  1
191 847  1
322 847  1
325 847  1
373 847  1
410 847  1
584 847  1
11 849  1
74 849  1
333 849  1
612 850  1
739 850  1
752 850  1
759 850  1
14 851  1
189 851  1
364 851  1
793 851  1
54 852  1
350 852  1
544 852  1
569 852  1
768 852  1
189 853  1
827 853  1
79 854  1
298 854  1
323 854  1
487 854  1
528 854  1
687 854  1
196 855  1
245 855  1
246 855  1
621 855  1
696 855  1
829 855  1
585 856  1
65 857  1
179 857  1
202 857  1
533 857  1
100 858  1
194 858  1
414 858  1
708 858  1
50 859  1
116 859  1
146 859  1
262 859  1
559 859  1
683 859  1
773 859  1
297 860  1
309 860  1
341 860  1
832 860  1
48 861  1
251 861  1
304 861  1
317 861  1
330 861  1
421 861  1
660 861  1
787 861  1
801 861  1
233 862  1
258 862  1
296 862  1
370 862  1
434 862  1
538 862  1
735 862  1
776 862  1
60 863  1
68 863  1
369 863  1
382 863  1
725 863  1
120 864  1
643 864  1
565 865  1
753 865  1
225 866  1
375 866  1
399 866  1
454 866  1
193 867  1
511 867  1
584 867  1
636 867  1
651 867  1
45 868  1
258 868  1
359 868  1
437 868  1
766 868  1
20 869  1
64 869  1
150 869  1
688 869  1
118 870  1
242 870  1
508 870  1
564 870  1
594 870  1
155 871  1
244 871  1
271 871  1
351 871  1
422 871  1
758 871  1
64 872  1
140 872  1
191 872  1
211 872  1
225 872  1
296 872  1
803 872  1
721 873  1
22 874  1
344 874  1
393 874  1
515 874  1
521 874  1
573 874  1
54 875  1
364 875  1
648 875  1
40 876  1
193 876  1
245 876  1
360 876  1
383 876  1
386 876  1
614 876  1
802 876  1
155 877  1
322 877  1
380 877  1
737 877  1
338 878  1
651 878  1
471 879  1
579 879  1
713 879  1
832 879  1
382 880  1
633 880  1
765 880  1
824 880  1
835 880  1
208 881  1
278 881  1
347 881  1
608 881  1
697 881  1
700 881  1
704 881  1
838 881  1
850 881  1
10 882  1
97 882  1
233 882  1
794 882  1
57 883  1
170 883  1
527 883  1
545 883  1
580 883  1
664 883  1
203 884  1
594 884  1
687 884  1
818 884  1
882 884  1
90 885  1
574 885  1
734 885  1
311 886  1
588 886  1
762 886  1
123 887  1
261 887  1
265 887  1
567 887  1
603 887  1
610 888  1
693 888  1
873 888  1
490 889  1
146 890  1
182 890  1
684 890  1
60 891  1
388 891  1
439 891  1
556 891  1
265 892  1
298 892  1
439 892  1
579 892  1
604 892  1
784 892  1
399 893  1
571 893  1
173 894  1
200 894  1
235 894  1
527 894  1
671 894  1
342 895  1
649 895  1
108 896  1
269 896  1
451 896  1
479 896  1
546 896  1
551 896  1
46 897  1
54 898  1
172 898  1
278 898  1
422 898  1
594 898  1
618 898  1
649 898  1
859 898  1
92 899  1
178 899  1
459 899  1
618 899  1
637 899  1
763 899  1
136 900  1
301 900  1
533 900  1
863 900  1
48 901  1
71 901  1
136 901  1
243 901  1
329 901  1
402 901  1
36 902  1
65 902  1
491 902  1
562 902  1
873 902  1
40 903  1
280 903  1
328 903  1
384 903  1
662 903  1
187 904  1
403 904  1
175 905  1
194 905  1
388 905  1
530 905  1
178 906  1
271 906  1
343 906  1
483 906  1
597 906  1
731 906  1
128 907  1
170 907  1
193 907  1
782 907  1
2 908  1
113 908  1
115 908  1
299 908  1
335 908  1
97 909  1
159 909  1
213 909  1
461 909  1
779 909  1
850 909  1
209 910  1
806 910  1
150 911  1
606 911  1
773 911  1
856 911  1
80 912  1
253 912  1
732 912  1
772 912  1
811 912  1
295 913  1
431 913  1
534 913  1
813 913  1
41 914  1
91 914  1
470 914  1
540 914  1
552 914  1
751 914  1
201 915  1
406 915  1
141 916  1
278 916  1
33 917  1
87 917  1
391 917  1
404 917  1
693 917  1
770 917  1
184 918  1
527 918  1
571 918  1
652 918  1
796 918  1
93 919  1
209 919  1
224 919  1
369 919  1
806 919  1
222 920  1
234 920  1
499 920  1
339 921  1
378 921  1
715 921  1
37 922  1
169 922  1
638 922  1
807 922  1
33 923  1
209 923  1
458 923  1
772 923  1
862 923  1
370 924  1
481 924  1
49 925  1
228 925  1
493 925  1
589 925  1
751 925  1
433 926  1
524 926  1
581 926  1
787 926  1
891 926  1
155 927  1
314 927  1
472 927  1
737 927  1
769 927  1
115 928  1
402 928  1
492 928  1
606 928  1
609 928  1
651 928  1
674 928  1
828 928  1
209 929  1
394 929  1
517 929  1
157 930  1
171 930  1
847 930  1
4 931  1
32 931  1
53 931  1
62 931  1
589 931  1
654 931  1
790 931  1
174 932  1
289 932  1
348 932  1
628 932  1
99 933  1
185 933  1
187 933  1
660 933  1
686 933  1
350 934  1
544 934  1
884 934  1
139 936  1
148 936  1
807 936  1
834 936  1
273 937  1
540 937  1
447 938  1
491 938  1
563 938  1
837 938  1
858 938  1
583 939  1
235 940  1
282 940  1
434 940  1
494 940  1
705 940  1
103 941  1
160 941  1
182 941  1
247 941  1
342 941  1
492 941  1
646 941  1
691 941  1
786 941  1
378 942  1
644 942  1
833 942  1
870 942  1
934 942  1
107 943  1
168 943  1
255 943  1
268 943  1
427 943  1
694 943  1
889 943  1
649 944  1
59 945  1
182 945  1
244 945  1
693 945  1
789 945  1
923 945  1
146 946  1
384 946  1
602 946  1
622 946  1
726 946  1
858 946  1
36 947  1
95 947  1
152 947  1
212 947  1
576 947  1
751 947  1
890 947  1
919 947  1
221 948  1
525 948  1
690 948  1
695 948  1
758 948  1
871 948  1
45 949  1
166 949  1
609 949  1
729 949  1
761 949  1
845 949  1
849 949  1
7 950  1
217 950  1
719 950  1
1 951  1
86 951  1
358 951  1
441 951  1
597 951  1
733 951  1
925 951  1
35 952  1
460 953  1
495 953  1
606 953  1
29 954  1
95 954  1
97 954  1
157 954  1
263 954  1
450 954  1
593 954  1
595 954  1
687 954  1
770 954  1
785 954  1
108 955  1
271 955  1
493 955  1
826 955  1
872 955  1
894 955  1
58 956  1
170 956  1
172 956  1
194 956  1
431 956  1
729 956  1
439 957  1
582 957  1
752 957  1
822 957  1
884 957  1
903 957  1
62 958  1
199 958  1
240 958  1
528 958  1
724 958  1
793 958  1
801 958  1
88 959  1
179 959  1
572 959  1
737 959  1
859 959  1
942 959  1
263 960  1
733 960  1
779 960  1
822 960  1
888 960  1
913 960  1
3 961  1
231 961  1
498 961  1
685 961  1
774 961  1
786 961  1
161 962  1
174 962  1
320 962  1
779 962  1
76 963  1
162 963  1
453 963  1
649 963  1
740 963  1
160 964  1
312 964  1
379 964  1
421 964  1
581 964  1
29 965  1
136 965  1
215 965  1
958 965  1
214 966  1
499 966  1
540 966  1
837 966  1
20 967  1
93 967  1
209 967  1
281 967  1
340 967  1
490 967  1
530 967  1
612 967  1
709 967  1
291 968  1
406 968  1
519 968  1
778 968  1
239 969  1
491 969  1
292 970  1
525 970  1
704 970  1
922 970  1
410 971  1
488 971  1
537 971  1
723 971  1
772 971  1
965 971  1
143 972  1
207 972  1
306 972  1
357 972  1
433 972  1
704 972  1
721 972  1
795 972  1
858 972  1
923 972  1
929 972  1
219 973  1
233 973  1
373 973  1
601 973  1
645 973  1
823 973  1
148 974  1
210 974  1
241 974  1
447 974  1
13 975  1
348 975  1
497 975  1
651 975  1
669 975  1
844 975  1
971 975  1
7 976  1
60 976  1
119 976  1
288 976  1
671 976  1
777 976  1
796 976  1
943 976  1
295 977  1
374 977  1
375 977  1
702 977  1
806 977  1
939 977  1
8 978  1
60 978  1
403 978  1
541 978  1
905 978  1
214 979  1
356 979  1
392 979  1
605 979  1
640 979  1
705 979  1
809 979  1
614 980  1
676 980  1
727 980  1
223 981  1
362 981  1
415 981  1
758 981  1
146 982  1
337 982  1
445 982  1
874 982  1
83 983  1
271 983  1
474 983  1
491 983  1
650 983  1
888 983  1
42 984  1
191 984  1
245 984  1
798 984  1
217 985  1
260 985  1
351 985  1
385 985  1
460 985  1
630 985  1
803 985  1
71 986  1
392 986  1
481 986  1
16 987  1
139 987  1
624 987  1
835 987  1
883 987  1
8 988  1
68 988  1
721 988  1
790 988  1
868 988  1
561 989  1
569 989  1
691 989  1
757 989  1
793 989  1
812 989  1
417 990  1
313 991  1
429 991  1
602 991  1
972 991  1
205 992  1
444 992  1
538 992  1
557 992  1
111 993  1
275 993  1
507 993  1
513 993  1
789 993  1
232 994  1
262 994  1
379 994  1
572 994  1
754 994  1
617 995  1
707 995  1
263 996  1
302 996  1
583 996  1
639 996  1
802 996  1
386 997  1
669 997  1
71 998  1
143 998  1
174 998  1
227 998  1
447 998  1
580 998  1
663 998  1
791 998  1
814 998  1
161 999  1
237 999  1
274 999  1
372 999  1
42 1000  1
60 1000  1
224 1000  1
594 1000  1
747 1000  1
976 1000  1
979 1000  1
