%%MatrixMarket matrix coordinate real general
% Generated 13-Mar-2013
10000 10000 4998
19 185  1
52 186  1
89 193  1
106 202  1
8 247  1
239 286  1
217 289  1
60 309  1
283 346  1
219 359  1
186 372  1
370 386  1
294 405  1
336 409  1
70 414  1
267 434  1
232 464  1
163 522  1
383 525  1
239 535  1
104 557  1
302 608  1
488 623  1
349 624  1
105 642  1
30 657  1
648 696  1
547 733  1
168 747  1
536 750  1
378 770  1
159 773  1
634 783  1
615 788  1
304 828  1
689 828  1
413 831  1
377 844  1
216 857  1
449 864  1
615 868  1
385 869  1
859 888  1
420 897  1
553 897  1
398 970  1
815 972  1
921 975  1
905 978  1
698 982  1
97 988  1
309 1003  1
314 1007  1
496 1010  1
416 1029  1
249 1063  1
464 1067  1
1063 1069  1
476 1077  1
796 1081  1
371 1083  1
905 1088  1
688 1092  1
943 1108  1
913 1129  1
455 1144  1
1082 1144  1
825 1162  1
618 1172  1
592 1177  1
940 1185  1
887 1190  1
370 1191  1
776 1192  1
1027 1197  1
674 1218  1
750 1218  1
294 1236  1
239 1244  1
313 1272  1
513 1281  1
311 1299  1
29 1302  1
718 1302  1
843 1311  1
206 1315  1
817 1325  1
843 1325  1
662 1327  1
706 1342  1
728 1344  1
1039 1354  1
756 1358  1
926 1360  1
548 1364  1
3 1373  1
35 1380  1
720 1380  1
214 1386  1
687 1394  1
181 1396  1
1042 1396  1
499 1398  1
1099 1402  1
306 1406  1
302 1409  1
1120 1414  1
1321 1415  1
626 1419  1
142 1432  1
646 1437  1
1465 1468  1
1181 1471  1
1071 1478  1
996 1481  1
626 1484  1
1320 1484  1
900 1489  1
728 1494  1
627 1496  1
544 1503  1
822 1505  1
138 1512  1
167 1515  1
234 1533  1
1194 1536  1
460 1545  1
1 1554  1
1420 1560  1
69 1569  1
3 1572  1
975 1579  1
1020 1580  1
1148 1580  1
1456 1580  1
1146 1582  1
1507 1597  1
237 1606  1
285 1614  1
864 1614  1
241 1616  1
613 1628  1
381 1632  1
423 1635  1
334 1636  1
1439 1639  1
852 1659  1
991 1664  1
212 1668  1
1446 1673  1
1310 1674  1
1212 1696  1
637 1699  1
808 1702  1
394 1703  1
988 1705  1
1485 1710  1
1495 1710  1
315 1713  1
545 1717  1
505 1725  1
552 1751  1
28 1754  1
231 1763  1
440 1765  1
1545 1784  1
1507 1786  1
10 1805  1
928 1805  1
120 1811  1
471 1813  1
436 1818  1
1502 1818  1
163 1825  1
580 1825  1
1167 1826  1
1612 1829  1
735 1837  1
1279 1837  1
469 1839  1
301 1845  1
937 1850  1
430 1853  1
1000 1863  1
1849 1871  1
587 1873  1
656 1880  1
1433 1881  1
51 1884  1
113 1886  1
673 1892  1
415 1896  1
916 1897  1
1014 1898  1
1612 1900  1
1697 1907  1
181 1919  1
910 1919  1
1358 1919  1
494 1921  1
316 1923  1
705 1926  1
460 1929  1
191 1932  1
805 1933  1
412 1935  1
574 1938  1
932 1943  1
122 1944  1
428 1945  1
1040 1948  1
33 1954  1
264 1954  1
682 1959  1
1419 1962  1
1438 1971  1
327 1972  1
598 1975  1
1272 1975  1
1817 1975  1
89 1983  1
284 1999  1
727 1999  1
1476 2005  1
91 2007  1
357 2008  1
67 2018  1
482 2026  1
1680 2027  1
1489 2028  1
895 2031  1
130 2051  1
237 2054  1
1461 2059  1
1977 2070  1
1259 2071  1
1764 2073  1
901 2074  1
1736 2075  1
1410 2079  1
1186 2081  1
433 2083  1
652 2083  1
1230 2087  1
640 2092  1
1217 2092  1
1193 2109  1
1909 2110  1
551 2112  1
456 2117  1
1375 2119  1
586 2122  1
776 2125  1
558 2140  1
1558 2141  1
1608 2142  1
278 2146  1
684 2146  1
935 2149  1
2041 2157  1
231 2160  1
1016 2164  1
158 2171  1
1896 2172  1
247 2174  1
259 2184  1
727 2186  1
1730 2189  1
1841 2207  1
1382 2221  1
2004 2232  1
247 2233  1
1236 2236  1
1987 2241  1
1591 2242  1
1166 2246  1
795 2258  1
324 2261  1
1997 2275  1
1013 2277  1
1115 2280  1
1479 2280  1
1514 2282  1
74 2285  1
521 2291  1
1114 2292  1
501 2299  1
2205 2300  1
1669 2304  1
807 2306  1
416 2310  1
616 2311  1
1411 2317  1
994 2318  1
1117 2323  1
1642 2348  1
244 2350  1
1476 2350  1
1787 2353  1
741 2354  1
1089 2354  1
1193 2358  1
1229 2361  1
1123 2374  1
648 2383  1
8 2389  1
323 2390  1
1721 2390  1
2125 2399  1
487 2400  1
776 2400  1
1329 2402  1
583 2405  1
1928 2406  1
56 2411  1
1825 2411  1
883 2412  1
889 2412  1
1795 2428  1
519 2443  1
235 2447  1
155 2451  1
2104 2453  1
32 2457  1
503 2458  1
764 2462  1
892 2474  1
504 2475  1
1709 2477  1
1478 2479  1
2397 2481  1
443 2482  1
1852 2485  1
38 2488  1
2388 2508  1
1683 2510  1
2277 2512  1
999 2514  1
1078 2519  1
1168 2523  1
144 2524  1
1698 2529  1
1842 2529  1
101 2533  1
2046 2535  1
31 2545  1
1781 2551  1
1023 2552  1
189 2554  1
2317 2557  1
84 2566  1
295 2573  1
119 2582  1
1101 2585  1
651 2587  1
1934 2591  1
1435 2598  1
1446 2598  1
958 2600  1
2277 2600  1
1080 2607  1
2584 2608  1
2068 2616  1
602 2619  1
2062 2625  1
2053 2635  1
1412 2642  1
1989 2646  1
1232 2648  1
1996 2651  1
1687 2653  1
1801 2660  1
468 2664  1
1476 2664  1
2486 2664  1
1759 2674  1
1451 2676  1
2578 2677  1
1663 2680  1
787 2681  1
2520 2689  1
593 2691  1
1834 2691  1
1754 2693  1
2031 2697  1
1316 2698  1
2478 2706  1
830 2713  1
1751 2725  1
1064 2727  1
2334 2728  1
125 2750  1
2031 2752  1
1219 2760  1
124 2764  1
2562 2768  1
2540 2772  1
1230 2777  1
307 2778  1
2088 2778  1
1553 2779  1
2274 2781  1
716 2782  1
707 2786  1
1300 2790  1
2250 2792  1
485 2799  1
1243 2808  1
1382 2817  1
758 2818  1
2096 2822  1
2062 2823  1
349 2825  1
2611 2829  1
1067 2837  1
1555 2841  1
972 2843  1
1843 2843  1
1199 2845  1
1457 2845  1
70 2846  1
234 2847  1
1253 2852  1
588 2853  1
1110 2853  1
1361 2853  1
2760 2855  1
2530 2858  1
3 2859  1
951 2860  1
775 2861  1
1599 2864  1
2081 2879  1
2321 2880  1
2459 2885  1
2210 2887  1
1042 2888  1
2625 2892  1
2539 2895  1
1739 2911  1
291 2912  1
1507 2913  1
36 2915  1
2607 2916  1
791 2919  1
2406 2919  1
1946 2929  1
2916 2930  1
15 2938  1
231 2939  1
1018 2939  1
1583 2940  1
1595 2940  1
1808 2942  1
888 2943  1
1466 2943  1
1271 2949  1
2036 2956  1
1024 2961  1
1718 2969  1
1911 2970  1
2628 2970  1
676 2971  1
2110 2972  1
2727 2973  1
456 2976  1
1344 2977  1
2045 2986  1
2928 2988  1
2924 2991  1
2036 2992  1
941 2994  1
576 2997  1
1793 3001  1
2728 3004  1
951 3006  1
926 3008  1
1069 3010  1
1897 3024  1
1767 3035  1
2734 3036  1
2172 3045  1
1947 3046  1
285 3052  1
789 3053  1
3046 3053  1
2329 3055  1
614 3057  1
2246 3061  1
50 3064  1
2726 3066  1
2456 3070  1
2149 3072  1
2306 3073  1
766 3074  1
1838 3076  1
457 3078  1
2328 3084  1
2151 3089  1
2502 3093  1
1557 3098  1
246 3110  1
1219 3112  1
3000 3125  1
731 3127  1
1030 3129  1
593 3131  1
796 3134  1
962 3137  1
2370 3138  1
669 3140  1
2294 3141  1
3116 3141  1
2085 3143  1
195 3154  1
392 3154  1
1225 3156  1
1417 3161  1
2299 3162  1
1597 3164  1
1583 3176  1
2635 3177  1
1601 3179  1
1037 3181  1
1964 3185  1
1495 3189  1
1228 3191  1
1026 3195  1
2240 3195  1
2509 3196  1
914 3202  1
2750 3205  1
1442 3209  1
1498 3212  1
340 3213  1
2752 3217  1
283 3222  1
757 3225  1
98 3229  1
1563 3229  1
224 3236  1
419 3239  1
169 3251  1
1127 3251  1
83 3259  1
366 3260  1
605 3264  1
3140 3264  1
2085 3266  1
379 3269  1
1768 3270  1
381 3274  1
3054 3291  1
3238 3292  1
1583 3294  1
149 3299  1
864 3301  1
1280 3302  1
979 3304  1
2602 3308  1
1619 3311  1
3093 3323  1
3317 3328  1
3203 3330  1
1102 3331  1
906 3333  1
2107 3333  1
1361 3338  1
2076 3341  1
2660 3345  1
1285 3346  1
1294 3346  1
1856 3346  1
73 3347  1
424 3347  1
1401 3347  1
1602 3349  1
1663 3353  1
2129 3353  1
1734 3354  1
376 3356  1
2503 3360  1
1108 3366  1
2624 3368  1
1815 3372  1
3242 3372  1
2990 3373  1
1427 3376  1
1377 3379  1
2440 3380  1
1414 3384  1
2862 3389  1
1164 3392  1
1735 3392  1
306 3397  1
1047 3397  1
204 3399  1
2977 3399  1
763 3400  1
2742 3405  1
907 3408  1
3331 3408  1
257 3412  1
1242 3418  1
3267 3419  1
210 3420  1
3285 3423  1
391 3429  1
2063 3434  1
918 3439  1
2702 3441  1
3176 3449  1
1313 3454  1
2205 3454  1
2835 3455  1
2859 3459  1
282 3461  1
2223 3465  1
696 3471  1
1974 3482  1
1786 3483  1
1829 3487  1
608 3493  1
1711 3496  1
375 3499  1
98 3501  1
558 3501  1
2803 3503  1
2707 3508  1
523 3509  1
1873 3511  1
1829 3512  1
387 3518  1
2131 3518  1
1875 3520  1
2143 3520  1
2965 3522  1
2271 3523  1
1796 3524  1
1539 3526  1
3260 3530  1
2386 3534  1
2925 3534  1
1412 3545  1
562 3548  1
1240 3549  1
2331 3549  1
1824 3551  1
1024 3553  1
51 3554  1
2162 3555  1
123 3561  1
1336 3562  1
530 3566  1
2308 3566  1
3552 3568  1
199 3571  1
1635 3572  1
1846 3575  1
2311 3577  1
443 3579  1
1716 3579  1
2236 3579  1
2425 3581  1
1475 3582  1
2830 3582  1
1445 3584  1
1540 3585  1
2129 3587  1
3247 3587  1
2861 3588  1
645 3595  1
1625 3595  1
1292 3597  1
2221 3597  1
2371 3599  1
3412 3601  1
792 3611  1
947 3612  1
2744 3612  1
547 3613  1
2693 3613  1
3338 3613  1
3281 3614  1
115 3617  1
3468 3618  1
3290 3622  1
415 3623  1
1380 3623  1
930 3627  1
46 3628  1
998 3628  1
2301 3636  1
853 3638  1
3094 3638  1
1956 3645  1
3564 3646  1
1059 3651  1
2524 3651  1
44 3653  1
1893 3654  1
2324 3654  1
1950 3656  1
2320 3659  1
1443 3661  1
883 3665  1
2417 3669  1
3397 3670  1
1825 3671  1
3192 3680  1
2189 3681  1
1808 3689  1
537 3692  1
1682 3693  1
1347 3699  1
631 3708  1
3695 3709  1
592 3710  1
574 3718  1
1581 3729  1
1278 3736  1
2651 3740  1
1551 3749  1
1635 3749  1
910 3750  1
3387 3756  1
2180 3760  1
1195 3763  1
343 3764  1
1013 3765  1
1131 3767  1
2697 3770  1
95 3772  1
3590 3774  1
3030 3778  1
3282 3778  1
2225 3779  1
3193 3779  1
497 3792  1
305 3793  1
2301 3794  1
3462 3795  1
2459 3796  1
601 3797  1
3391 3797  1
3553 3797  1
1116 3799  1
756 3800  1
2570 3802  1
2653 3808  1
1015 3816  1
655 3817  1
1443 3817  1
2974 3819  1
1705 3823  1
3584 3823  1
1423 3824  1
470 3828  1
309 3831  1
709 3831  1
2659 3838  1
632 3843  1
1337 3847  1
2834 3847  1
425 3848  1
846 3848  1
1699 3848  1
865 3850  1
1877 3857  1
570 3864  1
621 3877  1
437 3878  1
564 3878  1
3460 3880  1
3855 3892  1
363 3896  1
263 3897  1
3209 3897  1
400 3898  1
2553 3898  1
1643 3899  1
1178 3902  1
3223 3902  1
1183 3903  1
76 3905  1
654 3905  1
2489 3906  1
1287 3907  1
1082 3910  1
3694 3914  1
2550 3927  1
1196 3928  1
500 3934  1
1224 3935  1
3649 3935  1
1076 3941  1
1271 3941  1
1989 3941  1
746 3942  1
3349 3943  1
916 3944  1
100 3946  1
60 3948  1
1190 3949  1
3163 3949  1
1976 3950  1
748 3951  1
2472 3953  1
2328 3954  1
2122 3962  1
3066 3963  1
1500 3964  1
874 3966  1
603 3970  1
3544 3970  1
677 3971  1
3388 3971  1
790 3972  1
1185 3972  1
1667 3972  1
3725 3972  1
942 3975  1
22 3978  1
2289 3980  1
2831 3980  1
2929 3980  1
1093 3981  1
2434 3981  1
420 3984  1
3928 3984  1
26 3988  1
719 3996  1
1818 3999  1
1602 4002  1
3993 4002  1
873 4008  1
3573 4013  1
375 4016  1
2836 4019  1
3136 4019  1
131 4023  1
332 4025  1
150 4027  1
3457 4027  1
2388 4028  1
983 4030  1
1483 4032  1
2520 4033  1
1121 4039  1
2187 4043  1
1627 4047  1
2240 4047  1
3262 4047  1
3635 4050  1
3852 4052  1
2362 4056  1
113 4058  1
3179 4059  1
1423 4062  1
3757 4062  1
420 4065  1
2805 4072  1
1680 4073  1
2191 4080  1
2274 4083  1
1033 4087  1
2823 4087  1
1168 4089  1
1570 4091  1
3032 4093  1
3891 4093  1
2842 4096  1
1728 4097  1
1520 4104  1
2216 4105  1
2509 4110  1
418 4116  1
313 4118  1
3229 4118  1
2713 4121  1
2910 4123  1
3477 4124  1
437 4135  1
2184 4135  1
4045 4136  1
828 4139  1
2701 4141  1
2669 4147  1
1113 4148  1
3110 4149  1
1204 4157  1
1500 4157  1
1463 4162  1
2082 4162  1
890 4164  1
3439 4168  1
3636 4170  1
3515 4174  1
1647 4177  1
1393 4180  1
2950 4180  1
1645 4181  1
589 4185  1
3568 4193  1
1989 4194  1
4147 4196  1
716 4198  1
377 4202  1
95 4205  1
2693 4207  1
2212 4208  1
2774 4213  1
1270 4216  1
3422 4216  1
2192 4217  1
1266 4219  1
1851 4220  1
273 4224  1
1243 4227  1
4034 4231  1
2350 4239  1
1939 4240  1
3476 4240  1
1798 4241  1
2929 4243  1
496 4247  1
1129 4250  1
2088 4251  1
2468 4251  1
2683 4251  1
117 4252  1
3581 4252  1
316 4256  1
2342 4258  1
3493 4262  1
354 4263  1
4222 4264  1
2584 4266  1
887 4267  1
766 4270  1
3313 4274  1
1170 4275  1
95 4277  1
1351 4277  1
1742 4278  1
390 4286  1
3405 4290  1
3576 4290  1
1430 4299  1
3694 4302  1
1352 4308  1
4233 4318  1
580 4320  1
3694 4324  1
3680 4326  1
4138 4328  1
116 4329  1
2662 4334  1
2995 4334  1
1653 4335  1
891 4337  1
1664 4338  1
416 4339  1
2356 4339  1
3134 4343  1
4302 4343  1
2086 4347  1
2579 4347  1
867 4348  1
4199 4349  1
2068 4350  1
777 4351  1
1582 4352  1
3370 4353  1
1427 4354  1
227 4358  1
105 4363  1
3655 4363  1
4069 4365  1
460 4366  1
1048 4366  1
1652 4367  1
2436 4367  1
1927 4368  1
1533 4369  1
3096 4369  1
2590 4370  1
109 4375  1
3075 4377  1
326 4383  1
3655 4387  1
541 4391  1
3491 4391  1
2341 4393  1
921 4395  1
1094 4396  1
3824 4397  1
2937 4399  1
3699 4399  1
2747 4408  1
1799 4409  1
2620 4410  1
809 4412  1
718 4418  1
971 4420  1
2529 4420  1
1613 4421  1
2416 4425  1
3832 4425  1
4146 4428  1
175 4437  1
3677 4438  1
775 4439  1
472 4444  1
2739 4445  1
3889 4446  1
2188 4447  1
2005 4449  1
816 4451  1
3084 4453  1
1943 4454  1
3321 4456  1
3831 4458  1
2695 4459  1
3833 4460  1
1000 4461  1
2233 4467  1
673 4474  1
147 4475  1
2706 4476  1
3902 4478  1
738 4482  1
4090 4482  1
991 4485  1
2543 4488  1
4100 4489  1
1647 4490  1
1708 4491  1
3564 4493  1
2808 4499  1
3390 4499  1
521 4500  1
1943 4503  1
3578 4509  1
2217 4515  1
579 4516  1
536 4521  1
3259 4522  1
2052 4523  1
2563 4524  1
1557 4529  1
2470 4529  1
902 4531  1
2141 4533  1
2305 4535  1
1215 4536  1
1423 4542  1
1496 4543  1
2958 4544  1
2395 4551  1
3522 4552  1
340 4553  1
1885 4556  1
1768 4560  1
3286 4562  1
1548 4569  1
4265 4572  1
1499 4574  1
940 4578  1
2182 4578  1
1238 4582  1
1105 4589  1
4073 4591  1
1429 4593  1
363 4594  1
1694 4596  1
160 4597  1
3372 4603  1
1072 4607  1
3297 4609  1
3504 4609  1
2967 4610  1
1682 4614  1
699 4615  1
4557 4615  1
167 4626  1
2344 4628  1
2722 4631  1
2397 4632  1
398 4633  1
2954 4633  1
1618 4634  1
408 4640  1
2519 4642  1
2550 4642  1
2508 4643  1
224 4649  1
877 4649  1
2696 4652  1
4350 4652  1
2419 4653  1
2346 4654  1
4252 4661  1
1379 4665  1
391 4666  1
1740 4666  1
2928 4667  1
3411 4668  1
1895 4669  1
2813 4673  1
903 4676  1
1239 4679  1
1511 4679  1
4088 4680  1
2517 4681  1
767 4685  1
2292 4691  1
2476 4695  1
4312 4695  1
1363 4696  1
2782 4699  1
3359 4701  1
3710 4701  1
27 4702  1
3678 4704  1
1496 4705  1
1152 4706  1
994 4707  1
1059 4707  1
2051 4707  1
4230 4710  1
1322 4711  1
192 4712  1
1177 4712  1
2426 4712  1
3503 4712  1
4700 4712  1
3272 4714  1
4568 4715  1
751 4718  1
4437 4718  1
8 4720  1
3675 4721  1
961 4725  1
1538 4726  1
3257 4727  1
2983 4729  1
337 4731  1
2681 4733  1
3624 4733  1
455 4737  1
2050 4737  1
3559 4738  1
1781 4739  1
3607 4741  1
670 4743  1
1678 4746  1
2255 4746  1
4727 4747  1
2980 4748  1
1424 4749  1
1580 4756  1
3757 4758  1
2469 4762  1
1081 4768  1
602 4769  1
558 4772  1
4078 4772  1
2182 4773  1
2677 4774  1
3648 4778  1
2417 4782  1
4610 4793  1
1296 4798  1
1291 4799  1
337 4800  1
1599 4801  1
4447 4803  1
779 4806  1
2954 4810  1
2826 4811  1
2897 4811  1
2223 4812  1
2320 4813  1
4638 4819  1
3895 4820  1
172 4822  1
4791 4822  1
917 4824  1
1502 4825  1
862 4826  1
3233 4829  1
1211 4833  1
2471 4833  1
442 4834  1
2006 4840  1
4708 4842  1
202 4844  1
2666 4844  1
2066 4846  1
2616 4846  1
3633 4846  1
2046 4847  1
2220 4847  1
711 4849  1
3512 4850  1
3339 4851  1
3541 4854  1
1729 4857  1
983 4858  1
4570 4858  1
1966 4859  1
2621 4859  1
627 4865  1
1323 4866  1
4025 4875  1
1073 4877  1
3366 4878  1
881 4884  1
2652 4892  1
1778 4895  1
3968 4895  1
1273 4896  1
3061 4896  1
3478 4898  1
2769 4899  1
1493 4901  1
552 4914  1
4737 4914  1
558 4916  1
2162 4921  1
505 4922  1
4640 4922  1
1113 4925  1
4428 4926  1
3030 4930  1
4179 4933  1
2959 4934  1
637 4936  1
1279 4936  1
3639 4941  1
1814 4942  1
851 4950  1
3424 4950  1
1507 4951  1
4506 4951  1
1138 4953  1
559 4954  1
577 4954  1
4211 4956  1
4762 4956  1
4923 4956  1
778 4959  1
2029 4961  1
572 4965  1
2242 4966  1
3428 4966  1
3480 4967  1
4300 4968  1
2561 4969  1
298 4971  1
2274 4971  1
4625 4971  1
4859 4972  1
201 4973  1
2230 4973  1
4055 4973  1
656 4974  1
1743 4974  1
806 4976  1
358 4979  1
1554 4979  1
2426 4981  1
4174 4982  1
3597 4985  1
157 4986  1
2800 4991  1
2210 4993  1
86 4994  1
2359 4994  1
502 4996  1
3277 4998  1
3089 4999  1
599 5005  1
1447 5007  1
4884 5008  1
1067 5010  1
4866 5012  1
1807 5014  1
290 5015  1
544 5015  1
295 5016  1
2444 5016  1
4330 5016  1
4152 5018  1
2401 5019  1
3813 5019  1
4674 5020  1
4769 5020  1
254 5021  1
792 5021  1
144 5023  1
3665 5023  1
4109 5025  1
3396 5028  1
4552 5029  1
2013 5030  1
1819 5032  1
4274 5034  1
4497 5035  1
3831 5038  1
1333 5040  1
3984 5041  1
1788 5043  1
1779 5045  1
3926 5048  1
5046 5049  1
1458 5050  1
4705 5054  1
4764 5054  1
1475 5057  1
149 5059  1
4061 5061  1
4493 5061  1
3849 5062  1
86 5063  1
1397 5063  1
2002 5063  1
1876 5067  1
3308 5068  1
2158 5069  1
490 5070  1
1588 5074  1
3901 5084  1
4605 5084  1
4590 5086  1
1491 5096  1
2157 5097  1
3 5101  1
2082 5107  1
3008 5107  1
521 5111  1
602 5111  1
3301 5113  1
3962 5114  1
4480 5115  1
1863 5116  1
3806 5118  1
178 5122  1
2977 5123  1
1610 5125  1
4229 5125  1
2415 5126  1
3552 5128  1
2728 5129  1
4372 5129  1
386 5130  1
1127 5130  1
2858 5131  1
2205 5134  1
951 5136  1
1326 5136  1
4877 5137  1
2913 5142  1
4793 5142  1
4924 5142  1
945 5143  1
595 5146  1
2852 5149  1
1352 5150  1
1630 5151  1
3002 5151  1
3410 5151  1
853 5156  1
1358 5158  1
1515 5159  1
4355 5160  1
1722 5162  1
2168 5162  1
4684 5165  1
1640 5167  1
3804 5167  1
2766 5176  1
1380 5178  1
3224 5182  1
3698 5182  1
728 5185  1
4273 5189  1
3129 5190  1
3204 5191  1
2423 5193  1
2480 5193  1
390 5194  1
1732 5196  1
413 5198  1
353 5200  1
43 5201  1
2072 5203  1
3733 5203  1
2104 5205  1
2373 5206  1
4200 5206  1
5085 5211  1
3899 5213  1
2357 5219  1
3026 5219  1
1414 5220  1
3177 5223  1
2641 5225  1
3371 5229  1
2764 5235  1
3980 5236  1
4928 5237  1
3146 5239  1
4264 5240  1
5122 5243  1
3732 5246  1
56 5251  1
3287 5251  1
4370 5253  1
1460 5254  1
1873 5254  1
1009 5258  1
1607 5258  1
1779 5258  1
857 5262  1
2901 5264  1
3882 5264  1
4603 5264  1
2606 5267  1
372 5268  1
3698 5269  1
3292 5274  1
1438 5281  1
2378 5282  1
4887 5282  1
661 5284  1
4635 5285  1
1121 5288  1
1710 5289  1
201 5291  1
5228 5295  1
3985 5296  1
797 5297  1
2650 5302  1
960 5303  1
738 5304  1
4002 5306  1
3227 5311  1
97 5312  1
717 5313  1
2500 5314  1
311 5317  1
1716 5319  1
1620 5321  1
4682 5321  1
2647 5327  1
2105 5328  1
2649 5328  1
673 5329  1
3380 5329  1
1447 5330  1
2201 5331  1
2888 5331  1
3405 5331  1
1592 5335  1
2380 5338  1
2834 5338  1
82 5339  1
645 5339  1
1237 5340  1
4650 5342  1
38 5344  1
552 5346  1
66 5347  1
286 5349  1
3065 5349  1
2151 5350  1
3842 5350  1
4594 5350  1
1683 5351  1
5257 5351  1
2787 5354  1
2089 5355  1
3154 5356  1
1830 5357  1
3004 5357  1
5163 5358  1
4881 5364  1
752 5366  1
271 5368  1
521 5368  1
4844 5369  1
171 5370  1
3298 5372  1
4968 5374  1
1317 5375  1
1553 5375  1
4930 5382  1
2131 5384  1
4723 5386  1
808 5388  1
378 5389  1
5223 5390  1
679 5394  1
1149 5395  1
378 5398  1
1568 5399  1
141 5401  1
2782 5402  1
4844 5402  1
2605 5403  1
5304 5403  1
3313 5408  1
4588 5410  1
443 5417  1
1731 5417  1
1657 5418  1
4033 5418  1
1596 5421  1
717 5425  1
3908 5426  1
4430 5426  1
5207 5427  1
161 5431  1
1673 5433  1
347 5435  1
3934 5435  1
5159 5436  1
5230 5437  1
2824 5438  1
4201 5446  1
2308 5448  1
2594 5448  1
4119 5448  1
3534 5450  1
1500 5452  1
1828 5455  1
3829 5455  1
4469 5456  1
1204 5459  1
1411 5459  1
3657 5460  1
166 5463  1
3286 5463  1
2615 5465  1
3706 5467  1
475 5471  1
372 5473  1
4217 5474  1
5211 5474  1
1737 5478  1
1382 5479  1
3685 5479  1
4798 5481  1
5204 5481  1
4584 5483  1
4565 5486  1
1530 5487  1
590 5489  1
264 5493  1
1256 5493  1
3442 5493  1
1079 5495  1
1498 5495  1
4311 5495  1
5177 5497  1
1031 5498  1
3106 5501  1
1243 5502  1
113 5506  1
2171 5506  1
1197 5509  1
3295 5514  1
2556 5515  1
90 5516  1
651 5516  1
1192 5517  1
509 5518  1
1592 5518  1
4494 5520  1
2431 5527  1
3619 5530  1
2791 5531  1
3162 5532  1
3900 5532  1
5517 5533  1
524 5535  1
562 5536  1
4911 5537  1
2667 5540  1
4870 5540  1
1762 5542  1
4055 5542  1
432 5544  1
1019 5546  1
3279 5551  1
1218 5557  1
1579 5557  1
1390 5563  1
217 5565  1
1689 5565  1
1009 5572  1
1357 5572  1
2605 5573  1
1974 5574  1
242 5576  1
4327 5577  1
4813 5577  1
457 5579  1
931 5581  1
3178 5581  1
724 5585  1
4222 5588  1
5037 5590  1
5007 5591  1
5113 5591  1
3656 5599  1
2680 5604  1
1756 5606  1
297 5608  1
1090 5608  1
3676 5611  1
386 5612  1
643 5614  1
3026 5615  1
1990 5616  1
4436 5617  1
4631 5622  1
1715 5623  1
435 5624  1
3292 5624  1
2522 5626  1
5175 5627  1
2005 5630  1
3154 5630  1
1029 5635  1
2561 5635  1
3354 5635  1
162 5636  1
4132 5636  1
5467 5638  1
1820 5639  1
2301 5640  1
2137 5644  1
5149 5644  1
899 5646  1
495 5651  1
1422 5652  1
1616 5652  1
3323 5652  1
5438 5652  1
3821 5653  1
3941 5653  1
3618 5657  1
137 5658  1
3659 5658  1
3056 5659  1
3542 5663  1
2360 5664  1
223 5665  1
3953 5668  1
1623 5673  1
3544 5674  1
274 5675  1
2374 5676  1
1502 5682  1
2782 5682  1
907 5683  1
4266 5686  1
279 5689  1
1071 5691  1
5460 5693  1
3521 5695  1
220 5697  1
3177 5699  1
5195 5699  1
4178 5702  1
752 5708  1
138 5712  1
711 5712  1
1927 5716  1
3471 5720  1
3730 5722  1
1234 5733  1
4789 5735  1
4760 5738  1
5184 5739  1
2221 5742  1
3409 5743  1
4423 5743  1
5698 5743  1
4918 5745  1
425 5750  1
4366 5752  1
2737 5755  1
3629 5756  1
1265 5757  1
2218 5758  1
699 5761  1
4231 5761  1
5170 5764  1
1191 5766  1
611 5771  1
797 5771  1
3685 5771  1
3879 5772  1
2252 5773  1
67 5774  1
506 5774  1
1837 5774  1
5303 5779  1
1085 5780  1
2771 5780  1
3117 5780  1
3481 5782  1
4531 5782  1
1061 5784  1
4116 5784  1
2358 5785  1
5399 5785  1
1572 5789  1
2732 5792  1
2181 5794  1
2006 5795  1
4878 5795  1
3674 5796  1
1542 5799  1
395 5800  1
935 5800  1
708 5802  1
1752 5803  1
1063 5805  1
3278 5805  1
4460 5805  1
3713 5806  1
2117 5809  1
2149 5811  1
1162 5815  1
4532 5818  1
3974 5820  1
3270 5822  1
751 5825  1
2628 5825  1
2122 5829  1
2532 5829  1
5365 5829  1
4757 5832  1
3279 5835  1
4666 5836  1
203 5843  1
4907 5845  1
76 5846  1
947 5847  1
3125 5847  1
3746 5847  1
5523 5849  1
1106 5853  1
5362 5853  1
2087 5854  1
926 5857  1
4222 5863  1
1858 5864  1
1497 5868  1
23 5869  1
778 5869  1
5427 5869  1
865 5871  1
1514 5873  1
1972 5874  1
3355 5876  1
3274 5878  1
2832 5881  1
1446 5882  1
1757 5883  1
1425 5884  1
3319 5885  1
576 5886  1
3366 5888  1
252 5892  1
3153 5896  1
3528 5896  1
2588 5898  1
4754 5898  1
186 5899  1
2295 5902  1
5245 5902  1
2861 5906  1
4908 5909  1
5633 5909  1
3524 5910  1
100 5911  1
509 5911  1
1705 5911  1
2260 5915  1
3445 5916  1
4596 5921  1
4704 5922  1
5232 5923  1
3911 5925  1
856 5928  1
3568 5931  1
3709 5934  1
5466 5936  1
5520 5936  1
4504 5937  1
5686 5941  1
1576 5942  1
829 5945  1
4669 5945  1
1379 5948  1
3132 5949  1
2512 5952  1
1328 5953  1
1282 5954  1
4909 5956  1
5396 5956  1
885 5958  1
4601 5958  1
1536 5962  1
5452 5963  1
1609 5966  1
2313 5968  1
4209 5969  1
3648 5972  1
446 5973  1
2481 5974  1
4241 5975  1
2172 5978  1
1055 5983  1
1050 5987  1
4474 5988  1
5544 5988  1
3854 5989  1
3875 5990  1
4540 5991  1
2780 5992  1
4079 5993  1
46 5994  1
1549 5995  1
348 5997  1
5586 5997  1
4179 5999  1
964 6000  1
5125 6002  1
3195 6003  1
3471 6005  1
5067 6008  1
2597 6009  1
3659 6009  1
333 6010  1
2714 6011  1
2840 6013  1
2394 6014  1
3450 6015  1
3171 6016  1
5592 6016  1
5136 6021  1
3855 6024  1
5403 6024  1
2257 6031  1
3939 6032  1
309 6033  1
1547 6035  1
1797 6036  1
1020 6038  1
3493 6038  1
4789 6038  1
4126 6045  1
5810 6046  1
1490 6048  1
5957 6050  1
1629 6053  1
2923 6053  1
2179 6057  1
753 6059  1
5201 6059  1
3461 6060  1
2328 6061  1
1171 6062  1
3190 6062  1
459 6066  1
3337 6068  1
1296 6069  1
5898 6070  1
1111 6076  1
2654 6077  1
1156 6082  1
4640 6082  1
5086 6082  1
5484 6084  1
3917 6087  1
329 6088  1
824 6088  1
2915 6088  1
1392 6089  1
4586 6101  1
4850 6101  1
1764 6102  1
1860 6102  1
2789 6102  1
3603 6103  1
3447 6104  1
2798 6107  1
362 6111  1
2105 6118  1
3364 6119  1
1518 6121  1
2016 6121  1
6011 6121  1
5109 6122  1
5272 6124  1
2587 6125  1
5824 6126  1
5500 6131  1
3759 6132  1
4516 6134  1
4138 6136  1
1057 6137  1
1958 6137  1
5466 6138  1
1118 6144  1
4154 6145  1
951 6146  1
1990 6149  1
583 6150  1
1794 6150  1
4332 6153  1
1389 6154  1
3140 6155  1
3115 6156  1
5608 6156  1
429 6157  1
2291 6160  1
4621 6161  1
5870 6161  1
2110 6165  1
3670 6171  1
2428 6173  1
2213 6176  1
758 6177  1
23 6180  1
4389 6182  1
2399 6185  1
4164 6187  1
2678 6190  1
4563 6191  1
5032 6191  1
3068 6193  1
3184 6193  1
6114 6193  1
629 6194  1
4124 6194  1
1274 6196  1
6116 6196  1
924 6197  1
4539 6198  1
584 6201  1
3713 6201  1
1400 6205  1
6093 6208  1
3448 6209  1
2797 6214  1
4316 6215  1
5393 6216  1
1366 6217  1
1482 6217  1
506 6219  1
3230 6219  1
4580 6219  1
2896 6220  1
1168 6221  1
3220 6222  1
3711 6224  1
70 6227  1
182 6227  1
3005 6229  1
2636 6236  1
693 6238  1
4997 6248  1
1169 6250  1
3329 6252  1
2739 6254  1
2875 6258  1
1895 6269  1
3122 6269  1
1149 6271  1
5340 6273  1
1590 6276  1
8 6278  1
2839 6278  1
46 6279  1
692 6279  1
297 6281  1
5295 6283  1
1345 6284  1
1826 6285  1
2742 6288  1
4669 6292  1
2850 6296  1
3922 6296  1
737 6297  1
3302 6297  1
4542 6298  1
1925 6299  1
3610 6299  1
930 6300  1
2032 6304  1
4849 6304  1
3820 6305  1
4132 6305  1
1368 6307  1
490 6309  1
282 6311  1
4570 6311  1
5232 6312  1
2659 6314  1
4448 6316  1
5447 6316  1
3712 6320  1
5653 6325  1
4139 6326  1
4868 6328  1
2618 6329  1
1202 6330  1
4394 6336  1
4291 6338  1
2238 6339  1
3670 6339  1
1863 6340  1
2233 6342  1
5752 6343  1
3084 6344  1
4411 6344  1
4498 6344  1
4111 6347  1
4230 6348  1
5846 6348  1
531 6352  1
6298 6352  1
5219 6354  1
2937 6355  1
6330 6357  1
2326 6358  1
2101 6359  1
3541 6360  1
4018 6360  1
2820 6361  1
5716 6368  1
1390 6372  1
1879 6372  1
3117 6375  1
5133 6375  1
4320 6376  1
5434 6376  1
2734 6377  1
790 6380  1
2438 6380  1
3452 6380  1
573 6382  1
4941 6382  1
741 6385  1
4705 6385  1
2670 6387  1
2825 6387  1
5561 6389  1
90 6390  1
5219 6390  1
3048 6392  1
3607 6393  1
6087 6393  1
6105 6397  1
110 6399  1
4726 6400  1
3782 6401  1
5187 6401  1
2848 6402  1
3789 6403  1
390 6404  1
6288 6404  1
5296 6405  1
4272 6406  1
3816 6407  1
1786 6409  1
6101 6409  1
5551 6410  1
3881 6411  1
5912 6411  1
5127 6412  1
2249 6416  1
6221 6417  1
4487 6421  1
5088 6421  1
15 6423  1
2824 6423  1
2729 6424  1
3775 6424  1
4344 6424  1
563 6427  1
2215 6428  1
2370 6428  1
2913 6428  1
1932 6429  1
2506 6429  1
2822 6429  1
506 6430  1
5709 6433  1
5014 6434  1
4068 6435  1
6257 6435  1
1131 6439  1
1426 6440  1
4471 6440  1
4765 6440  1
5267 6443  1
886 6447  1
3267 6448  1
4304 6449  1
4677 6449  1
1202 6451  1
6113 6455  1
4279 6458  1
5813 6458  1
1324 6459  1
4701 6460  1
1100 6465  1
1634 6475  1
1642 6477  1
5260 6478  1
2220 6479  1
3782 6479  1
3090 6482  1
5405 6482  1
4146 6484  1
4896 6487  1
3462 6488  1
4715 6488  1
6268 6488  1
1573 6491  1
2184 6491  1
2923 6497  1
5088 6497  1
5191 6497  1
6161 6499  1
3683 6500  1
5879 6501  1
2238 6502  1
6330 6503  1
4757 6505  1
1331 6506  1
3569 6507  1
2961 6508  1
5140 6508  1
5612 6511  1
3451 6513  1
6205 6516  1
396 6519  1
4550 6520  1
2232 6524  1
5505 6524  1
1157 6525  1
2421 6526  1
3723 6526  1
5681 6526  1
3365 6527  1
6194 6528  1
5849 6529  1
1457 6530  1
3526 6531  1
14 6533  1
2225 6533  1
2419 6535  1
2334 6536  1
5289 6536  1
106 6538  1
3599 6538  1
257 6539  1
447 6539  1
505 6540  1
3338 6540  1
306 6542  1
1738 6542  1
5889 6548  1
1576 6552  1
2815 6552  1
175 6553  1
3285 6554  1
491 6555  1
184 6556  1
3654 6559  1
6210 6560  1
4577 6564  1
4875 6566  1
496 6569  1
1286 6569  1
4057 6569  1
903 6570  1
4592 6571  1
5426 6571  1
223 6572  1
5330 6572  1
2075 6573  1
428 6574  1
505 6574  1
5080 6576  1
2206 6578  1
2539 6578  1
2960 6579  1
5386 6579  1
1983 6580  1
4283 6580  1
4236 6582  1
667 6584  1
4420 6586  1
776 6589  1
6470 6591  1
5614 6593  1
145 6596  1
5876 6596  1
924 6597  1
1831 6598  1
3206 6598  1
355 6601  1
618 6601  1
2573 6602  1
2615 6602  1
5099 6603  1
2692 6604  1
6436 6604  1
4641 6605  1
1251 6606  1
4525 6607  1
2059 6612  1
3703 6613  1
5602 6614  1
1959 6615  1
3908 6616  1
2090 6617  1
6318 6620  1
6478 6620  1
2933 6623  1
5902 6626  1
6329 6629  1
5811 6630  1
1302 6632  1
6144 6633  1
3255 6634  1
1299 6635  1
5978 6636  1
1642 6637  1
146 6638  1
2343 6638  1
13 6640  1
5333 6640  1
1510 6641  1
565 6643  1
3512 6644  1
3795 6644  1
1170 6646  1
6021 6647  1
5192 6648  1
3196 6653  1
5522 6653  1
2846 6656  1
5593 6658  1
111 6659  1
1772 6659  1
667 6660  1
1796 6660  1
6573 6665  1
1095 6668  1
3467 6669  1
5394 6669  1
6084 6669  1
3354 6670  1
983 6673  1
6133 6675  1
1170 6678  1
2713 6678  1
3444 6680  1
5548 6682  1
1429 6684  1
2988 6684  1
1030 6686  1
2956 6686  1
4535 6686  1
5308 6687  1
1631 6688  1
3556 6689  1
4435 6690  1
4517 6690  1
1928 6691  1
6568 6691  1
3780 6692  1
244 6695  1
5332 6696  1
6632 6696  1
6591 6703  1
3629 6706  1
4693 6706  1
5593 6706  1
4381 6707  1
5625 6715  1
6204 6716  1
1772 6717  1
6513 6717  1
380 6718  1
482 6721  1
2204 6726  1
5959 6729  1
5420 6730  1
1981 6733  1
3788 6733  1
2946 6735  1
3836 6737  1
6463 6737  1
3308 6738  1
194 6739  1
3275 6740  1
6035 6740  1
2619 6741  1
1703 6745  1
1530 6746  1
3153 6750  1
4770 6751  1
1234 6753  1
1370 6755  1
4735 6755  1
6238 6755  1
6741 6759  1
397 6763  1
1574 6763  1
2358 6763  1
3912 6765  1
2141 6766  1
5208 6767  1
5374 6775  1
6755 6775  1
2540 6777  1
4280 6778  1
3312 6779  1
351 6780  1
2735 6781  1
1073 6782  1
2170 6783  1
5500 6784  1
5417 6786  1
3808 6788  1
4383 6788  1
2501 6792  1
3669 6793  1
6579 6793  1
4478 6794  1
2311 6796  1
5961 6797  1
4773 6798  1
3200 6800  1
858 6801  1
4317 6805  1
342 6807  1
911 6807  1
2008 6807  1
2909 6807  1
2909 6809  1
1543 6810  1
2447 6810  1
2986 6811  1
3784 6811  1
1670 6812  1
28 6814  1
5605 6815  1
6277 6817  1
6449 6817  1
3169 6821  1
1285 6822  1
3032 6822  1
3798 6823  1
884 6824  1
6781 6825  1
3627 6826  1
1738 6830  1
69 6832  1
4468 6832  1
3496 6834  1
6584 6836  1
1327 6837  1
4420 6838  1
3224 6839  1
6221 6839  1
1716 6843  1
1231 6848  1
2640 6849  1
2974 6849  1
337 6850  1
3912 6851  1
1929 6852  1
6798 6856  1
4547 6858  1
1857 6860  1
2238 6867  1
2319 6867  1
2844 6868  1
644 6869  1
2218 6869  1
3671 6872  1
3885 6873  1
3059 6876  1
4325 6877  1
4580 6877  1
3705 6878  1
5040 6879  1
3395 6881  1
4136 6882  1
298 6885  1
3428 6887  1
2771 6892  1
4708 6893  1
4906 6893  1
4931 6894  1
5362 6896  1
6779 6898  1
328 6899  1
5304 6899  1
4581 6901  1
2329 6902  1
2520 6903  1
3423 6903  1
4216 6903  1
1951 6904  1
2504 6906  1
5127 6906  1
2801 6909  1
2496 6911  1
4454 6913  1
769 6914  1
3992 6916  1
5997 6916  1
6342 6918  1
3979 6919  1
4669 6920  1
4449 6926  1
4470 6927  1
1066 6928  1
1540 6930  1
6781 6930  1
5490 6932  1
1078 6933  1
706 6934  1
5908 6935  1
5645 6936  1
4 6937  1
584 6939  1
1012 6940  1
4573 6940  1
6259 6941  1
6594 6942  1
5403 6943  1
1544 6944  1
2357 6945  1
2818 6946  1
4141 6946  1
5644 6947  1
6462 6947  1
1280 6949  1
976 6952  1
3419 6954  1
1617 6957  1
2489 6957  1
3372 6958  1
3766 6959  1
5740 6961  1
4159 6963  1
5987 6964  1
5400 6965  1
3997 6966  1
4818 6966  1
1120 6967  1
4512 6967  1
1165 6968  1
5486 6968  1
232 6969  1
5261 6971  1
1803 6972  1
2560 6972  1
5345 6972  1
3 6973  1
6054 6976  1
2836 6978  1
5039 6978  1
955 6980  1
4992 6980  1
74 6981  1
3492 6981  1
5001 6982  1
741 6984  1
6212 6986  1
4159 6987  1
141 6988  1
5426 6991  1
1936 6995  1
2892 6996  1
6115 6997  1
1796 6999  1
2000 7003  1
4528 7003  1
3526 7004  1
975 7005  1
6638 7007  1
1172 7009  1
2565 7010  1
2855 7010  1
4922 7010  1
5680 7012  1
3810 7013  1
3783 7014  1
5701 7015  1
806 7016  1
420 7017  1
975 7017  1
3270 7017  1
824 7019  1
2106 7019  1
3671 7019  1
3470 7026  1
4301 7028  1
2685 7029  1
3943 7030  1
4263 7030  1
5851 7030  1
5131 7031  1
1343 7032  1
2410 7034  1
5117 7036  1
1171 7042  1
5413 7043  1
6495 7045  1
5525 7046  1
5753 7048  1
3900 7056  1
4352 7057  1
366 7058  1
1559 7058  1
3492 7059  1
4948 7059  1
1361 7062  1
2555 7066  1
6112 7067  1
5893 7068  1
2115 7070  1
395 7071  1
1476 7071  1
3733 7075  1
201 7078  1
966 7078  1
5457 7078  1
4935 7081  1
4904 7082  1
4450 7083  1
269 7092  1
5750 7093  1
2312 7095  1
5401 7096  1
1850 7097  1
2804 7099  1
6419 7102  1
4112 7103  1
3770 7105  1
4125 7105  1
3196 7106  1
6361 7107  1
6022 7109  1
3616 7115  1
6252 7115  1
6586 7117  1
2844 7120  1
5339 7123  1
6699 7124  1
5401 7125  1
1836 7126  1
1090 7128  1
2479 7130  1
4772 7130  1
1666 7131  1
2258 7131  1
3546 7133  1
5587 7133  1
1416 7135  1
6769 7135  1
3243 7136  1
60 7139  1
397 7140  1
1256 7142  1
4020 7145  1
5475 7146  1
3063 7147  1
4985 7147  1
6219 7147  1
47 7148  1
6480 7154  1
1016 7157  1
3404 7158  1
4344 7163  1
5232 7164  1
4447 7165  1
6476 7165  1
6952 7166  1
2694 7167  1
3236 7168  1
6184 7170  1
1659 7171  1
3939 7171  1
4766 7171  1
293 7178  1
2451 7180  1
6403 7181  1
593 7182  1
2595 7183  1
3290 7183  1
2534 7184  1
6233 7186  1
2964 7188  1
4823 7189  1
1858 7190  1
6323 7190  1
3777 7193  1
5904 7194  1
2245 7195  1
2504 7196  1
1677 7197  1
2013 7197  1
2583 7197  1
6240 7197  1
2143 7201  1
5125 7202  1
7004 7204  1
3522 7206  1
5341 7206  1
4202 7209  1
3967 7211  1
3879 7212  1
3880 7212  1
4068 7212  1
6975 7212  1
3542 7213  1
2082 7216  1
6462 7216  1
3004 7221  1
911 7223  1
3052 7225  1
5206 7225  1
6896 7226  1
2982 7228  1
4595 7229  1
1259 7230  1
1657 7230  1
962 7234  1
1691 7234  1
1860 7234  1
3968 7235  1
3406 7237  1
2220 7238  1
3356 7238  1
4294 7239  1
5007 7241  1
6880 7242  1
530 7244  1
3136 7244  1
5151 7244  1
1703 7249  1
3471 7250  1
3133 7251  1
6254 7251  1
6403 7251  1
266 7252  1
3392 7253  1
1066 7260  1
6537 7262  1
873 7263  1
1096 7264  1
2405 7264  1
4049 7264  1
1944 7265  1
5428 7265  1
1187 7267  1
1828 7267  1
3760 7267  1
244 7268  1
1829 7272  1
1471 7274  1
2417 7274  1
4756 7274  1
2741 7275  1
961 7276  1
1427 7276  1
3836 7276  1
5893 7276  1
3329 7277  1
4441 7277  1
5404 7277  1
981 7279  1
5308 7279  1
6176 7279  1
6846 7279  1
159 7282  1
326 7282  1
2655 7282  1
6837 7282  1
3086 7283  1
5797 7284  1
2483 7285  1
6414 7286  1
392 7288  1
2620 7290  1
361 7296  1
1991 7296  1
1438 7299  1
1084 7302  1
4496 7302  1
4813 7303  1
2438 7305  1
5201 7305  1
700 7306  1
1826 7310  1
4949 7310  1
248 7311  1
5786 7311  1
3127 7312  1
210 7315  1
131 7316  1
2665 7317  1
4546 7317  1
6555 7317  1
1851 7318  1
504 7320  1
751 7320  1
467 7321  1
6607 7321  1
6476 7323  1
1819 7325  1
279 7327  1
3129 7327  1
1443 7332  1
4876 7335  1
6882 7338  1
7297 7340  1
6906 7341  1
2771 7342  1
4100 7345  1
614 7346  1
3407 7347  1
5096 7347  1
2162 7348  1
6031 7348  1
48 7350  1
205 7351  1
7146 7351  1
2464 7353  1
4057 7353  1
2590 7355  1
7059 7355  1
3157 7358  1
1145 7359  1
860 7361  1
4062 7364  1
3908 7365  1
4254 7365  1
2414 7366  1
6371 7366  1
2009 7370  1
1472 7372  1
1871 7373  1
4254 7373  1
866 7376  1
5257 7378  1
6946 7378  1
2858 7379  1
107 7381  1
2244 7381  1
78 7382  1
6145 7385  1
236 7394  1
2071 7395  1
5600 7395  1
1350 7397  1
2523 7398  1
1405 7399  1
2647 7399  1
2743 7400  1
5172 7402  1
3134 7405  1
3565 7407  1
3311 7416  1
370 7417  1
2871 7419  1
3841 7420  1
4473 7420  1
832 7421  1
4219 7422  1
5418 7425  1
4695 7427  1
7244 7427  1
342 7430  1
5735 7432  1
2428 7433  1
2728 7436  1
4762 7436  1
3641 7438  1
7335 7438  1
1446 7441  1
2206 7441  1
1290 7442  1
3278 7442  1
689 7446  1
2985 7447  1
4743 7449  1
3353 7450  1
1496 7452  1
1047 7453  1
1508 7453  1
4754 7454  1
6262 7456  1
7354 7456  1
7379 7456  1
586 7457  1
2135 7459  1
6072 7459  1
2436 7462  1
1194 7464  1
4518 7466  1
5636 7467  1
940 7468  1
6305 7468  1
200 7472  1
663 7474  1
4240 7475  1
1527 7477  1
2152 7478  1
307 7481  1
3561 7481  1
4720 7482  1
5545 7482  1
6317 7483  1
3656 7484  1
5984 7484  1
6074 7484  1
7291 7485  1
1952 7487  1
2065 7487  1
2497 7487  1
5259 7488  1
2796 7493  1
1787 7494  1
4966 7494  1
6131 7495  1
3577 7498  1
2628 7500  1
2984 7501  1
5910 7503  1
1361 7504  1
5967 7504  1
5727 7505  1
4196 7506  1
1555 7507  1
6477 7508  1
6809 7508  1
1599 7509  1
2219 7509  1
2158 7510  1
4203 7510  1
3090 7511  1
3905 7511  1
3962 7512  1
3552 7515  1
1630 7518  1
3504 7518  1
4147 7518  1
1193 7521  1
6728 7521  1
1473 7524  1
2998 7524  1
1196 7535  1
1319 7535  1
7244 7539  1
1499 7541  1
2654 7541  1
4095 7544  1
3288 7549  1
3699 7551  1
5575 7551  1
3163 7552  1
5877 7552  1
6663 7553  1
7135 7555  1
5684 7556  1
3605 7557  1
6403 7558  1
115 7560  1
2312 7561  1
3027 7561  1
3356 7565  1
2394 7569  1
3700 7570  1
406 7571  1
1418 7572  1
917 7573  1
2788 7575  1
2584 7577  1
3435 7581  1
4630 7584  1
2192 7587  1
1900 7588  1
3218 7589  1
6001 7590  1
1538 7591  1
2057 7591  1
5490 7593  1
2864 7594  1
3977 7595  1
4783 7597  1
1798 7599  1
5759 7599  1
4525 7601  1
7267 7602  1
1448 7603  1
3763 7603  1
5000 7605  1
133 7606  1
712 7607  1
5723 7607  1
6224 7607  1
7392 7608  1
7581 7608  1
2267 7609  1
2725 7611  1
2974 7613  1
6958 7613  1
319 7614  1
7225 7616  1
4094 7619  1
223 7620  1
4028 7627  1
7565 7627  1
717 7629  1
6857 7632  1
5845 7633  1
5480 7635  1
7259 7635  1
3100 7636  1
931 7637  1
5834 7637  1
4561 7638  1
1111 7639  1
7168 7640  1
5449 7641  1
656 7642  1
7047 7642  1
1587 7643  1
2434 7643  1
4140 7643  1
5845 7646  1
1796 7648  1
2605 7649  1
5577 7649  1
2477 7650  1
3475 7652  1
3168 7653  1
6765 7655  1
283 7656  1
4472 7656  1
6200 7659  1
3286 7660  1
5917 7661  1
4735 7662  1
4994 7662  1
585 7663  1
4294 7664  1
6250 7664  1
5135 7667  1
1188 7668  1
4861 7669  1
3909 7670  1
4676 7670  1
1818 7672  1
5169 7673  1
3769 7674  1
2927 7675  1
4045 7678  1
5032 7678  1
280 7682  1
5174 7683  1
3483 7686  1
4165 7686  1
1065 7687  1
1206 7689  1
2852 7689  1
3968 7689  1
2061 7690  1
6587 7693  1
4657 7694  1
6105 7695  1
6197 7697  1
2911 7702  1
1041 7703  1
1886 7703  1
1058 7706  1
1869 7708  1
7041 7708  1
2193 7709  1
383 7710  1
740 7711  1
5421 7711  1
1802 7712  1
6151 7713  1
6355 7713  1
75 7715  1
6340 7715  1
672 7716  1
6835 7716  1
6947 7718  1
2637 7722  1
6728 7722  1
2807 7724  1
1400 7727  1
4220 7730  1
1968 7731  1
2745 7731  1
4869 7731  1
5511 7731  1
229 7732  1
1271 7732  1
1512 7733  1
876 7734  1
2994 7735  1
2237 7737  1
2250 7737  1
4936 7743  1
2072 7744  1
4500 7745  1
1541 7747  1
6190 7749  1
7660 7750  1
2179 7751  1
5681 7751  1
6084 7752  1
2286 7753  1
3595 7753  1
4974 7753  1
5762 7753  1
6129 7753  1
7482 7754  1
2817 7755  1
1630 7756  1
1681 7756  1
3014 7756  1
3632 7756  1
446 7760  1
7436 7761  1
7219 7762  1
7257 7765  1
4888 7767  1
7493 7768  1
1165 7771  1
6935 7774  1
309 7777  1
6903 7778  1
7669 7780  1
736 7783  1
4066 7783  1
1163 7785  1
2367 7785  1
4690 7785  1
1992 7786  1
813 7787  1
1428 7787  1
946 7790  1
5093 7790  1
139 7791  1
7185 7792  1
5947 7793  1
1796 7795  1
3411 7796  1
4011 7796  1
185 7797  1
4856 7798  1
1777 7799  1
5916 7799  1
1166 7800  1
1600 7800  1
2240 7800  1
6898 7800  1
3494 7804  1
6681 7804  1
6042 7806  1
7239 7807  1
5396 7809  1
1270 7810  1
389 7811  1
2941 7811  1
5097 7811  1
2251 7812  1
6257 7814  1
1265 7815  1
1960 7815  1
6448 7815  1
663 7817  1
6522 7822  1
1964 7823  1
3274 7824  1
318 7826  1
1250 7826  1
2462 7831  1
3306 7831  1
6300 7832  1
2395 7834  1
6834 7836  1
1102 7837  1
6219 7837  1
1532 7838  1
1873 7838  1
3372 7845  1
1709 7846  1
3354 7846  1
687 7847  1
1766 7847  1
207 7848  1
1506 7848  1
6609 7848  1
3590 7849  1
7049 7851  1
1820 7852  1
6376 7852  1
6390 7852  1
6527 7854  1
7215 7854  1
3291 7855  1
2740 7856  1
5863 7859  1
1254 7861  1
2674 7861  1
4625 7862  1
2734 7866  1
831 7867  1
4361 7867  1
583 7869  1
3731 7869  1
1293 7871  1
1469 7873  1
5663 7874  1
152 7875  1
7191 7875  1
7575 7875  1
4397 7877  1
2588 7879  1
5672 7881  1
6906 7881  1
405 7882  1
2455 7883  1
3724 7883  1
6053 7883  1
872 7887  1
917 7889  1
7127 7889  1
4036 7890  1
5665 7891  1
6311 7891  1
670 7892  1
2058 7893  1
2615 7893  1
4412 7897  1
5624 7897  1
6173 7899  1
889 7900  1
1103 7905  1
7656 7913  1
4089 7914  1
4878 7914  1
2524 7915  1
6223 7915  1
7198 7915  1
5129 7917  1
7607 7918  1
2007 7920  1
7893 7920  1
7749 7921  1
183 7922  1
1026 7922  1
3011 7923  1
5922 7926  1
2411 7927  1
3611 7927  1
128 7928  1
2685 7929  1
3798 7933  1
1186 7934  1
1258 7934  1
1781 7934  1
861 7935  1
3526 7935  1
4912 7935  1
1499 7937  1
3172 7938  1
5960 7938  1
3805 7939  1
4799 7940  1
2429 7943  1
2931 7943  1
5799 7943  1
5109 7946  1
6370 7946  1
665 7947  1
6074 7948  1
1573 7949  1
4223 7949  1
5896 7949  1
1807 7950  1
7323 7950  1
788 7951  1
216 7954  1
7070 7955  1
7093 7956  1
3196 7958  1
7888 7958  1
2775 7961  1
61 7964  1
2231 7968  1
2651 7968  1
6604 7969  1
1660 7972  1
5193 7973  1
1989 7975  1
5392 7975  1
490 7978  1
3823 7978  1
1319 7980  1
6736 7981  1
3172 7982  1
3741 7982  1
3402 7983  1
767 7984  1
714 7986  1
4013 7986  1
781 7987  1
3134 7989  1
5498 7989  1
42 7992  1
3800 7993  1
107 7994  1
7826 7994  1
6744 7995  1
1339 7996  1
212 7997  1
6216 7998  1
7239 7998  1
6946 7999  1
7718 7999  1
3325 8004  1
4283 8004  1
623 8005  1
1094 8005  1
2097 8005  1
163 8008  1
3906 8009  1
361 8012  1
4028 8013  1
5764 8013  1
7427 8016  1
192 8021  1
5776 8021  1
6973 8021  1
5717 8022  1
4164 8023  1
5771 8024  1
6619 8024  1
2844 8026  1
2940 8026  1
197 8028  1
4467 8030  1
6960 8035  1
7296 8037  1
6175 8042  1
1123 8047  1
2267 8048  1
1388 8049  1
6020 8049  1
6789 8050  1
287 8051  1
6361 8051  1
7538 8052  1
5860 8053  1
3138 8057  1
872 8059  1
1502 8059  1
6976 8059  1
7901 8060  1
5010 8061  1
6107 8062  1
7583 8063  1
6376 8064  1
7526 8065  1
2469 8066  1
477 8067  1
240 8068  1
7021 8068  1
7662 8069  1
1227 8071  1
7026 8071  1
7850 8074  1
6786 8076  1
2923 8077  1
4983 8078  1
1682 8079  1
4794 8079  1
6462 8081  1
2183 8082  1
4925 8083  1
552 8084  1
5232 8085  1
7173 8086  1
5546 8089  1
1444 8090  1
5238 8093  1
4602 8098  1
3785 8099  1
4392 8099  1
6626 8100  1
1593 8102  1
1964 8105  1
2914 8105  1
114 8106  1
3834 8108  1
2908 8109  1
5470 8112  1
2544 8113  1
7828 8113  1
4984 8114  1
5516 8117  1
7022 8118  1
7188 8122  1
2445 8123  1
6059 8123  1
7633 8123  1
7045 8125  1
7941 8126  1
1322 8127  1
3300 8129  1
1375 8130  1
2862 8130  1
8068 8132  1
6206 8133  1
6161 8134  1
2752 8137  1
2923 8137  1
3823 8137  1
2696 8139  1
6765 8139  1
6784 8139  1
8131 8139  1
244 8142  1
1337 8142  1
2868 8143  1
5481 8144  1
2592 8146  1
1930 8148  1
271 8152  1
4521 8153  1
5859 8153  1
4586 8154  1
597 8155  1
1080 8156  1
3436 8158  1
340 8160  1
2697 8160  1
5966 8163  1
6055 8163  1
3678 8165  1
5983 8167  1
3104 8169  1
5844 8171  1
694 8173  1
8098 8175  1
1050 8179  1
6024 8179  1
6444 8180  1
6930 8180  1
4641 8181  1
4860 8181  1
7473 8182  1
4150 8183  1
2341 8185  1
2525 8185  1
124 8187  1
1602 8187  1
3276 8187  1
5627 8187  1
3038 8189  1
478 8190  1
4217 8192  1
6915 8192  1
3488 8193  1
608 8194  1
949 8194  1
1699 8194  1
7271 8194  1
3673 8196  1
1135 8198  1
6165 8198  1
237 8199  1
2479 8199  1
94 8200  1
3069 8200  1
5986 8200  1
315 8201  1
2073 8205  1
3712 8205  1
5763 8206  1
6060 8208  1
4934 8209  1
8099 8211  1
3600 8212  1
3031 8215  1
7701 8215  1
6929 8216  1
7273 8216  1
3812 8217  1
275 8222  1
5689 8222  1
68 8224  1
6741 8225  1
6502 8228  1
4056 8229  1
2053 8230  1
1039 8231  1
3256 8231  1
4747 8231  1
7053 8232  1
582 8234  1
697 8234  1
1922 8234  1
7339 8235  1
1403 8237  1
4062 8238  1
5188 8238  1
7139 8239  1
2585 8242  1
3315 8242  1
5226 8242  1
7032 8242  1
1164 8243  1
1573 8246  1
3436 8246  1
56 8247  1
2568 8247  1
56 8249  1
1988 8252  1
839 8253  1
4320 8253  1
6225 8254  1
6671 8256  1
6778 8256  1
7742 8258  1
7468 8260  1
8236 8261  1
68 8262  1
5902 8264  1
6651 8264  1
4932 8268  1
8212 8269  1
5208 8271  1
3491 8273  1
946 8274  1
3064 8275  1
702 8277  1
5448 8279  1
299 8280  1
1034 8281  1
7521 8281  1
1721 8282  1
5845 8283  1
5290 8285  1
4003 8288  1
6306 8290  1
6633 8291  1
2932 8292  1
4264 8293  1
7963 8293  1
507 8296  1
1811 8296  1
3911 8296  1
6428 8296  1
6880 8296  1
3926 8301  1
8119 8301  1
405 8303  1
2404 8304  1
3241 8304  1
4171 8305  1
4572 8305  1
4192 8306  1
6204 8307  1
7746 8307  1
1482 8309  1
2743 8309  1
5928 8310  1
5587 8311  1
7991 8311  1
284 8312  1
5993 8313  1
3272 8317  1
7124 8317  1
3934 8319  1
4140 8319  1
446 8322  1
6263 8323  1
7990 8323  1
5346 8324  1
5118 8326  1
6272 8326  1
3832 8327  1
6469 8327  1
4576 8330  1
6862 8330  1
4902 8334  1
5153 8334  1
5076 8336  1
8213 8336  1
6773 8339  1
489 8340  1
7438 8341  1
6958 8342  1
298 8344  1
2531 8345  1
935 8346  1
2854 8346  1
4891 8346  1
6287 8350  1
7394 8350  1
7520 8351  1
8023 8352  1
6689 8353  1
8113 8354  1
7597 8356  1
2022 8358  1
2108 8358  1
5747 8358  1
7294 8358  1
8325 8358  1
7449 8359  1
8110 8360  1
2964 8361  1
5439 8361  1
1612 8364  1
14 8365  1
6799 8365  1
2 8373  1
800 8373  1
496 8375  1
2057 8376  1
2051 8377  1
5198 8377  1
1678 8379  1
6815 8379  1
2108 8380  1
8191 8380  1
1068 8381  1
4655 8381  1
4029 8383  1
953 8386  1
1286 8387  1
2914 8387  1
1734 8388  1
6748 8389  1
7433 8393  1
8244 8394  1
4623 8395  1
6098 8395  1
5139 8397  1
4290 8401  1
4739 8401  1
7996 8404  1
1277 8406  1
2361 8407  1
3202 8408  1
826 8412  1
3974 8412  1
1890 8413  1
7145 8413  1
2342 8414  1
4457 8416  1
5588 8417  1
3642 8418  1
1383 8420  1
4514 8420  1
6246 8420  1
1550 8422  1
2159 8423  1
518 8424  1
8033 8425  1
1059 8427  1
2009 8427  1
6980 8427  1
2996 8430  1
5648 8430  1
6506 8433  1
8321 8434  1
6604 8437  1
1834 8441  1
3482 8443  1
1475 8451  1
1966 8454  1
6224 8454  1
6581 8454  1
1993 8455  1
7237 8455  1
7542 8456  1
1824 8458  1
3836 8458  1
4404 8458  1
4967 8459  1
5389 8459  1
6204 8459  1
5072 8460  1
8344 8460  1
6639 8461  1
5326 8462  1
6763 8466  1
3146 8468  1
7240 8469  1
1410 8473  1
1754 8476  1
8471 8476  1
4099 8477  1
3969 8479  1
2164 8480  1
8203 8480  1
1135 8481  1
7671 8482  1
7570 8485  1
2382 8486  1
2680 8487  1
6038 8487  1
6511 8488  1
748 8489  1
5092 8489  1
5137 8489  1
6875 8493  1
379 8496  1
534 8496  1
4645 8496  1
6872 8501  1
395 8505  1
6241 8505  1
7129 8505  1
4479 8507  1
6573 8508  1
7934 8508  1
724 8509  1
5947 8512  1
1403 8516  1
6789 8516  1
7955 8519  1
5463 8521  1
2242 8522  1
6262 8522  1
7873 8522  1
5568 8523  1
2104 8524  1
1013 8526  1
5218 8527  1
2179 8528  1
5731 8528  1
4335 8529  1
1592 8533  1
7173 8535  1
4133 8536  1
3224 8537  1
7330 8537  1
868 8538  1
4407 8538  1
7867 8541  1
4214 8543  1
1307 8545  1
6210 8546  1
8206 8546  1
4987 8548  1
6099 8549  1
8334 8549  1
4061 8551  1
2073 8553  1
7759 8553  1
6138 8556  1
6738 8556  1
967 8557  1
1227 8557  1
2357 8561  1
2579 8561  1
6703 8561  1
7050 8562  1
1365 8564  1
1768 8568  1
4811 8568  1
4561 8569  1
53 8570  1
2862 8570  1
8124 8570  1
6830 8573  1
4078 8574  1
4560 8574  1
6128 8574  1
950 8577  1
2622 8578  1
2235 8580  1
465 8581  1
7869 8583  1
3658 8585  1
7790 8585  1
91 8586  1
8253 8586  1
4788 8590  1
6895 8590  1
2927 8592  1
1290 8594  1
2762 8595  1
5216 8597  1
343 8598  1
6136 8601  1
2954 8602  1
1437 8603  1
7687 8603  1
3896 8604  1
5914 8604  1
6252 8604  1
583 8605  1
4689 8605  1
3291 8607  1
3648 8609  1
2372 8610  1
4645 8614  1
7643 8614  1
8604 8615  1
4729 8616  1
5077 8618  1
772 8620  1
6186 8620  1
2390 8623  1
2739 8623  1
5469 8623  1
6858 8623  1
3248 8625  1
8307 8626  1
148 8631  1
2186 8633  1
3659 8633  1
8245 8633  1
335 8634  1
4196 8634  1
8212 8635  1
5705 8636  1
2471 8637  1
5512 8638  1
3994 8639  1
8441 8641  1
7172 8643  1
7960 8644  1
3731 8647  1
1440 8648  1
2211 8648  1
7215 8648  1
5883 8655  1
1000 8656  1
3985 8657  1
8080 8657  1
2583 8660  1
7570 8661  1
3931 8662  1
3415 8663  1
5098 8663  1
7071 8663  1
1543 8664  1
775 8667  1
1321 8667  1
4866 8667  1
6333 8667  1
7467 8667  1
1633 8668  1
4766 8668  1
6477 8668  1
6326 8672  1
7176 8672  1
6780 8673  1
6846 8673  1
8044 8673  1
341 8676  1
1924 8676  1
8187 8676  1
61 8677  1
1222 8677  1
595 8678  1
1107 8680  1
3768 8680  1
3875 8680  1
1733 8682  1
2854 8682  1
5300 8682  1
5014 8685  1
30 8686  1
6603 8686  1
8595 8687  1
5197 8695  1
5432 8698  1
553 8699  1
4719 8699  1
2204 8700  1
6882 8700  1
6060 8701  1
5963 8704  1
715 8705  1
2569 8705  1
2457 8706  1
5622 8706  1
3128 8707  1
7526 8707  1
4236 8711  1
4615 8711  1
6849 8713  1
2816 8714  1
906 8716  1
8292 8717  1
526 8718  1
2809 8719  1
4962 8719  1
3512 8721  1
6932 8722  1
2521 8723  1
7630 8723  1
8215 8723  1
2527 8724  1
3008 8724  1
1411 8726  1
648 8727  1
6703 8727  1
4059 8732  1
6062 8733  1
6070 8735  1
3454 8736  1
6759 8740  1
2840 8742  1
8258 8742  1
3377 8743  1
4723 8744  1
7516 8744  1
874 8745  1
6907 8746  1
8199 8747  1
1628 8749  1
8328 8751  1
3054 8752  1
228 8753  1
1707 8753  1
4193 8753  1
4571 8753  1
2925 8754  1
2763 8755  1
4432 8755  1
3481 8757  1
4091 8757  1
1635 8758  1
7098 8758  1
551 8759  1
2736 8759  1
6595 8760  1
8240 8760  1
3041 8761  1
2086 8762  1
2264 8762  1
7859 8762  1
2022 8765  1
8519 8766  1
7404 8767  1
6616 8769  1
3813 8771  1
4706 8773  1
5514 8773  1
3376 8777  1
4331 8777  1
1890 8780  1
1177 8784  1
8178 8784  1
4478 8785  1
8680 8785  1
1918 8786  1
427 8789  1
851 8789  1
2315 8790  1
5664 8790  1
6935 8791  1
4714 8792  1
7268 8793  1
8658 8793  1
4318 8796  1
2763 8797  1
5025 8797  1
5891 8797  1
7245 8800  1
8398 8802  1
212 8804  1
631 8805  1
233 8806  1
147 8808  1
6203 8808  1
3789 8809  1
1520 8811  1
1933 8811  1
3636 8811  1
361 8814  1
4581 8816  1
8487 8816  1
3382 8817  1
6247 8819  1
927 8820  1
3710 8821  1
5308 8821  1
2060 8822  1
7627 8822  1
3054 8823  1
1029 8825  1
736 8828  1
5887 8829  1
2106 8831  1
8030 8832  1
4606 8833  1
8334 8833  1
8050 8838  1
5053 8839  1
712 8840  1
3725 8841  1
3178 8842  1
6577 8842  1
514 8843  1
581 8845  1
1311 8847  1
7946 8847  1
1958 8848  1
7718 8850  1
3708 8851  1
7025 8857  1
2622 8858  1
4472 8858  1
2209 8861  1
597 8864  1
8279 8865  1
7377 8866  1
974 8870  1
2837 8870  1
6233 8870  1
2288 8871  1
4579 8873  1
3573 8875  1
8191 8876  1
8558 8876  1
3562 8877  1
5688 8881  1
5310 8882  1
7276 8882  1
8282 8885  1
708 8886  1
553 8888  1
4456 8889  1
3005 8890  1
8471 8891  1
1895 8892  1
4648 8892  1
8585 8892  1
3510 8893  1
2784 8896  1
7567 8897  1
3021 8898  1
6332 8901  1
5202 8903  1
1558 8912  1
7233 8912  1
5292 8913  1
7355 8915  1
8551 8915  1
7516 8917  1
2262 8918  1
5946 8918  1
3330 8919  1
5496 8919  1
3685 8920  1
3262 8923  1
6255 8923  1
1920 8928  1
5703 8928  1
8736 8928  1
7604 8930  1
3501 8932  1
3920 8933  1
4033 8933  1
2564 8934  1
4851 8934  1
5036 8934  1
7210 8934  1
8140 8935  1
8606 8935  1
759 8939  1
4179 8940  1
8106 8940  1
8611 8943  1
3570 8944  1
4893 8945  1
6897 8945  1
1417 8947  1
7255 8947  1
4937 8950  1
1052 8955  1
2715 8956  1
4227 8956  1
4648 8957  1
3342 8959  1
8366 8959  1
5938 8961  1
7788 8962  1
7965 8966  1
1723 8967  1
1990 8967  1
8850 8971  1
2915 8972  1
755 8974  1
3469 8974  1
2551 8975  1
8034 8977  1
8783 8979  1
970 8980  1
6292 8981  1
8787 8982  1
1915 8983  1
6230 8984  1
7130 8984  1
2785 8985  1
5612 8987  1
6373 8987  1
8506 8987  1
3746 8989  1
1855 8990  1
548 8991  1
1206 8992  1
2963 8994  1
4140 8995  1
8318 8996  1
3924 8997  1
3297 8998  1
4128 8999  1
1137 9000  1
2913 9001  1
280 9002  1
3141 9002  1
3884 9002  1
7640 9003  1
4936 9004  1
1551 9005  1
4346 9006  1
931 9009  1
7012 9009  1
4866 9010  1
2851 9012  1
8747 9012  1
5164 9014  1
7512 9014  1
2013 9015  1
6352 9015  1
3231 9017  1
3486 9017  1
1584 9018  1
7440 9018  1
3906 9019  1
5521 9019  1
3263 9021  1
8328 9021  1
299 9022  1
5391 9024  1
8023 9024  1
6066 9025  1
6725 9025  1
8863 9025  1
1052 9031  1
8825 9031  1
4336 9032  1
3287 9033  1
5786 9033  1
3474 9034  1
4115 9034  1
5076 9037  1
5200 9037  1
2095 9038  1
2524 9039  1
1713 9041  1
2371 9043  1
6041 9043  1
2890 9046  1
4061 9046  1
5546 9047  1
7409 9048  1
5814 9051  1
720 9052  1
772 9052  1
2918 9052  1
3636 9052  1
8943 9052  1
388 9053  1
1627 9053  1
6990 9054  1
7421 9055  1
7326 9057  1
3268 9058  1
4811 9059  1
65 9060  1
4345 9060  1
2503 9062  1
2612 9062  1
2741 9064  1
3369 9064  1
5069 9064  1
3850 9065  1
1784 9068  1
5409 9070  1
6761 9071  1
3997 9072  1
6986 9072  1
2589 9073  1
4577 9073  1
5433 9074  1
8208 9074  1
579 9075  1
6750 9077  1
5061 9078  1
7098 9079  1
3874 9080  1
6726 9080  1
3619 9082  1
6440 9082  1
6977 9083  1
7753 9085  1
7386 9087  1
189 9088  1
5942 9089  1
8004 9089  1
8197 9089  1
7157 9090  1
6135 9091  1
6374 9091  1
422 9092  1
2281 9093  1
8754 9093  1
2910 9095  1
5263 9095  1
5547 9096  1
4708 9097  1
372 9099  1
238 9101  1
7219 9101  1
3887 9103  1
7871 9103  1
2245 9104  1
2920 9106  1
7329 9109  1
733 9110  1
1691 9110  1
3362 9110  1
7650 9112  1
4507 9114  1
700 9115  1
4083 9115  1
13 9117  1
1159 9117  1
6402 9117  1
5386 9118  1
5084 9122  1
2017 9123  1
7345 9124  1
8994 9124  1
166 9129  1
1611 9129  1
6858 9134  1
1977 9137  1
1580 9139  1
2931 9140  1
4162 9140  1
5252 9142  1
7391 9142  1
4224 9143  1
3828 9145  1
5879 9145  1
3513 9146  1
3379 9147  1
6202 9149  1
7505 9149  1
7905 9149  1
3966 9150  1
6271 9150  1
5240 9151  1
6669 9151  1
7897 9151  1
3420 9152  1
601 9154  1
2802 9155  1
4084 9155  1
8135 9155  1
1863 9156  1
6471 9157  1
2178 9159  1
8435 9159  1
8293 9162  1
593 9163  1
4799 9166  1
7590 9167  1
4833 9168  1
3015 9169  1
8537 9170  1
2571 9171  1
5113 9171  1
7738 9171  1
7877 9172  1
8106 9173  1
7845 9174  1
8976 9174  1
6887 9175  1
5457 9177  1
8027 9181  1
2740 9184  1
7312 9188  1
1499 9189  1
2889 9189  1
5344 9189  1
2113 9192  1
4229 9192  1
3977 9193  1
6282 9194  1
210 9196  1
5481 9197  1
1860 9199  1
3870 9199  1
2172 9200  1
5690 9200  1
8560 9200  1
6114 9204  1
8815 9208  1
4017 9209  1
3644 9210  1
210 9212  1
3014 9212  1
4524 9212  1
5969 9212  1
8550 9214  1
8867 9215  1
1089 9216  1
5060 9216  1
3688 9217  1
2443 9218  1
7943 9218  1
2869 9221  1
7290 9222  1
8605 9223  1
940 9224  1
1591 9228  1
3711 9231  1
2130 9232  1
7017 9232  1
550 9233  1
2576 9237  1
1866 9238  1
4589 9238  1
8261 9238  1
8976 9240  1
51 9241  1
997 9241  1
1945 9241  1
2797 9242  1
8376 9243  1
6897 9245  1
7206 9246  1
6540 9248  1
692 9249  1
1392 9249  1
5676 9250  1
6831 9252  1
8567 9253  1
7353 9254  1
7293 9255  1
3294 9256  1
2267 9257  1
1887 9258  1
2372 9259  1
595 9261  1
791 9262  1
895 9262  1
3697 9263  1
3175 9264  1
3773 9264  1
6600 9264  1
8856 9264  1
6514 9265  1
3675 9266  1
7034 9267  1
8628 9269  1
3021 9270  1
8046 9270  1
746 9273  1
784 9274  1
874 9274  1
2398 9274  1
3432 9274  1
4295 9275  1
7306 9275  1
7503 9275  1
2796 9278  1
8818 9279  1
453 9282  1
2277 9282  1
4182 9282  1
6802 9282  1
8733 9284  1
1177 9285  1
4723 9286  1
6302 9287  1
6558 9287  1
5105 9289  1
394 9291  1
826 9292  1
4758 9292  1
2297 9293  1
1079 9294  1
5394 9295  1
5028 9297  1
6691 9297  1
1997 9298  1
2011 9298  1
9179 9298  1
2772 9299  1
8754 9299  1
9232 9299  1
714 9300  1
7416 9300  1
4519 9301  1
2747 9303  1
2099 9305  1
351 9306  1
1495 9306  1
4507 9306  1
5555 9306  1
6268 9306  1
3279 9307  1
551 9309  1
7515 9310  1
2063 9311  1
8635 9312  1
5629 9313  1
5058 9315  1
8633 9317  1
349 9318  1
4426 9319  1
6010 9319  1
4375 9322  1
6353 9324  1
2380 9325  1
3348 9325  1
5490 9325  1
1589 9326  1
7047 9330  1
2546 9331  1
1418 9333  1
1065 9334  1
3762 9335  1
377 9338  1
6182 9338  1
307 9339  1
1383 9340  1
2071 9341  1
6108 9342  1
5369 9344  1
8721 9344  1
6361 9348  1
3574 9349  1
7872 9349  1
7061 9351  1
450 9354  1
6295 9355  1
4142 9359  1
2658 9362  1
7648 9365  1
6014 9366  1
1366 9367  1
6733 9367  1
741 9370  1
7514 9371  1
8731 9373  1
8151 9374  1
6103 9379  1
9370 9379  1
7294 9380  1
65 9381  1
219 9382  1
2623 9383  1
2525 9384  1
334 9386  1
9316 9386  1
281 9387  1
7676 9387  1
2092 9388  1
4282 9388  1
6412 9388  1
7151 9390  1
8279 9390  1
9256 9390  1
1333 9391  1
4466 9391  1
5353 9391  1
8056 9393  1
3361 9394  1
6062 9394  1
8360 9394  1
4408 9396  1
7445 9397  1
2295 9398  1
6801 9399  1
8230 9399  1
6725 9401  1
785 9404  1
4184 9404  1
3274 9405  1
6456 9409  1
3311 9410  1
648 9411  1
5106 9416  1
7223 9417  1
2584 9421  1
7845 9421  1
1286 9422  1
7413 9422  1
4165 9423  1
3161 9424  1
3405 9424  1
5753 9424  1
9273 9424  1
4314 9426  1
6023 9429  1
1842 9432  1
2941 9432  1
6594 9432  1
1581 9433  1
224 9434  1
2461 9434  1
4697 9434  1
397 9435  1
4955 9437  1
2993 9438  1
9090 9438  1
438 9439  1
2160 9440  1
5053 9440  1
2687 9441  1
3611 9441  1
9136 9448  1
3040 9449  1
7909 9449  1
1956 9451  1
6877 9451  1
5353 9452  1
6853 9452  1
8430 9453  1
8937 9453  1
8066 9454  1
1263 9455  1
2553 9455  1
5098 9455  1
4602 9456  1
2892 9459  1
5319 9461  1
8854 9462  1
2957 9468  1
3046 9478  1
1260 9479  1
2877 9479  1
9210 9479  1
2426 9480  1
2459 9480  1
8315 9480  1
1064 9482  1
1115 9482  1
5626 9482  1
6218 9482  1
4739 9484  1
3824 9485  1
114 9486  1
3251 9487  1
7765 9489  1
1003 9490  1
7125 9490  1
2585 9491  1
2589 9491  1
5190 9492  1
111 9493  1
3894 9494  1
5854 9494  1
2312 9495  1
6564 9497  1
1148 9498  1
1151 9501  1
1812 9501  1
4248 9501  1
825 9502  1
3389 9502  1
705 9503  1
322 9507  1
3652 9509  1
4707 9511  1
4861 9511  1
8565 9511  1
832 9512  1
7868 9512  1
5995 9513  1
108 9514  1
545 9517  1
3277 9518  1
1925 9519  1
2994 9519  1
390 9520  1
2785 9521  1
3532 9522  1
5202 9522  1
2637 9523  1
7411 9526  1
5707 9528  1
8526 9528  1
3159 9530  1
6839 9530  1
4826 9532  1
5062 9532  1
6922 9532  1
7547 9534  1
7276 9536  1
7264 9538  1
3247 9541  1
8723 9541  1
2397 9547  1
6019 9547  1
3996 9548  1
8232 9548  1
4401 9549  1
4931 9551  1
5347 9551  1
6692 9552  1
3911 9554  1
4360 9554  1
6792 9554  1
1731 9556  1
8953 9557  1
3977 9559  1
5208 9559  1
101 9560  1
6827 9561  1
1319 9562  1
3673 9564  1
5819 9564  1
7242 9564  1
7429 9564  1
1955 9565  1
1152 9568  1
6032 9568  1
5998 9569  1
7584 9569  1
8060 9569  1
3353 9570  1
7541 9570  1
647 9572  1
7652 9572  1
630 9575  1
1058 9575  1
7569 9577  1
1331 9578  1
1390 9579  1
1412 9579  1
9126 9579  1
4664 9580  1
333 9586  1
5958 9587  1
515 9588  1
1092 9588  1
2747 9588  1
2828 9588  1
7020 9589  1
3129 9590  1
6933 9591  1
1692 9592  1
2275 9592  1
2149 9593  1
845 9594  1
6670 9594  1
1039 9596  1
6851 9596  1
496 9597  1
3312 9597  1
1166 9599  1
6753 9602  1
8237 9603  1
3115 9604  1
4352 9604  1
4959 9604  1
8202 9604  1
489 9605  1
379 9606  1
2970 9608  1
7889 9608  1
8500 9608  1
8927 9608  1
9201 9608  1
2197 9611  1
590 9612  1
7089 9612  1
360 9613  1
3126 9614  1
6816 9615  1
1934 9616  1
2674 9616  1
6317 9616  1
8852 9618  1
8735 9619  1
2444 9620  1
4236 9620  1
8762 9620  1
7118 9622  1
7947 9622  1
7997 9622  1
1381 9623  1
4681 9623  1
5942 9623  1
8485 9624  1
1523 9625  1
2799 9626  1
7286 9626  1
8692 9626  1
1242 9627  1
3974 9628  1
3268 9630  1
5942 9630  1
5324 9631  1
4484 9633  1
9358 9633  1
2442 9634  1
2727 9634  1
245 9638  1
1106 9638  1
2660 9639  1
7838 9640  1
3315 9641  1
9105 9645  1
2828 9646  1
5629 9646  1
6836 9646  1
5250 9648  1
2625 9651  1
4975 9654  1
4068 9655  1
9295 9655  1
1149 9657  1
7974 9659  1
8370 9661  1
8307 9662  1
9243 9662  1
1937 9663  1
5382 9663  1
1454 9664  1
9559 9664  1
2033 9665  1
5307 9666  1
320 9667  1
6370 9667  1
140 9668  1
9477 9669  1
1265 9670  1
8599 9670  1
9226 9674  1
877 9675  1
5523 9675  1
4966 9676  1
8035 9676  1
2350 9677  1
5173 9677  1
5321 9677  1
1974 9678  1
8925 9681  1
307 9684  1
2130 9684  1
6243 9684  1
9343 9685  1
5840 9687  1
6997 9687  1
1017 9689  1
7389 9689  1
1217 9690  1
3408 9690  1
4547 9691  1
1361 9695  1
8881 9695  1
8003 9697  1
4855 9698  1
9369 9698  1
3648 9699  1
1421 9700  1
3747 9701  1
1102 9702  1
4428 9704  1
4766 9704  1
4887 9704  1
1847 9705  1
5390 9706  1
9494 9706  1
5459 9707  1
132 9708  1
3041 9709  1
3420 9710  1
194 9711  1
2841 9712  1
6352 9712  1
69 9714  1
6680 9715  1
3982 9716  1
7230 9716  1
7421 9717  1
646 9718  1
9191 9718  1
6101 9719  1
9102 9719  1
7379 9720  1
8350 9722  1
1370 9723  1
5715 9723  1
3800 9725  1
1017 9726  1
8294 9727  1
2857 9728  1
6142 9732  1
6193 9732  1
4012 9733  1
6993 9733  1
5161 9734  1
9347 9734  1
2306 9736  1
9612 9737  1
1210 9738  1
2151 9741  1
2310 9746  1
2318 9746  1
5899 9746  1
6041 9746  1
6148 9747  1
2752 9748  1
7171 9750  1
966 9752  1
5475 9752  1
8606 9754  1
6676 9755  1
2499 9758  1
4701 9758  1
6129 9760  1
8342 9760  1
1662 9761  1
4285 9761  1
6309 9763  1
1902 9764  1
975 9765  1
3387 9765  1
7970 9766  1
8040 9766  1
4343 9768  1
7777 9769  1
442 9770  1
6622 9772  1
4332 9773  1
1732 9775  1
8871 9775  1
6562 9776  1
6422 9778  1
4758 9779  1
6255 9784  1
2540 9785  1
5452 9785  1
6043 9786  1
3857 9787  1
1788 9789  1
6824 9790  1
1223 9791  1
7507 9791  1
3426 9792  1
2473 9793  1
5723 9793  1
8868 9793  1
3519 9794  1
6025 9794  1
2945 9795  1
3569 9796  1
5486 9796  1
9135 9797  1
4549 9798  1
5707 9799  1
3129 9800  1
6108 9800  1
8527 9800  1
1109 9802  1
3212 9802  1
7694 9802  1
1099 9803  1
6565 9803  1
8709 9803  1
2158 9805  1
164 9806  1
7687 9806  1
7788 9807  1
9147 9809  1
9771 9810  1
4063 9812  1
4971 9815  1
8248 9816  1
5329 9817  1
7533 9818  1
8026 9821  1
8704 9821  1
169 9823  1
5439 9823  1
7837 9825  1
1205 9826  1
4848 9826  1
9774 9826  1
6302 9828  1
9566 9828  1
2726 9830  1
6716 9830  1
6992 9830  1
6664 9832  1
419 9833  1
5923 9833  1
6552 9834  1
4457 9835  1
6070 9835  1
975 9839  1
3052 9839  1
389 9842  1
6450 9844  1
1007 9845  1
1660 9845  1
9114 9849  1
9576 9849  1
1569 9851  1
496 9854  1
2331 9854  1
3357 9855  1
2379 9856  1
4542 9856  1
9009 9856  1
6533 9857  1
543 9858  1
9162 9860  1
1231 9861  1
127 9862  1
6818 9862  1
2775 9864  1
2816 9864  1
3345 9865  1
4468 9865  1
8960 9865  1
2952 9867  1
9032 9870  1
2377 9871  1
7766 9873  1
9281 9873  1
9370 9873  1
813 9875  1
2379 9876  1
2830 9876  1
5723 9877  1
2824 9878  1
1680 9879  1
2842 9879  1
5413 9879  1
3915 9880  1
5965 9880  1
5143 9881  1
7668 9883  1
4286 9884  1
771 9886  1
3289 9886  1
3479 9886  1
5282 9886  1
6567 9886  1
674 9887  1
601 9888  1
5080 9888  1
5311 9888  1
7204 9888  1
6754 9889  1
2716 9891  1
5601 9891  1
6479 9891  1
6827 9891  1
5550 9893  1
5688 9894  1
2674 9895  1
9112 9896  1
1025 9897  1
745 9898  1
3747 9900  1
3320 9901  1
8339 9902  1
8456 9903  1
9095 9903  1
6271 9904  1
7497 9904  1
4755 9905  1
8647 9905  1
7545 9908  1
9443 9908  1
6046 9909  1
4058 9911  1
5033 9911  1
8761 9911  1
7645 9912  1
7141 9917  1
7742 9921  1
8179 9921  1
2450 9922  1
4005 9922  1
5108 9922  1
2120 9923  1
7162 9923  1
8055 9924  1
6439 9925  1
8919 9926  1
8658 9930  1
9926 9930  1
5186 9934  1
6312 9934  1
3283 9935  1
2164 9937  1
2195 9938  1
9136 9938  1
338 9940  1
7711 9940  1
5718 9941  1
7354 9941  1
7992 9942  1
8465 9944  1
6640 9945  1
2070 9946  1
7896 9946  1
6738 9950  1
2736 9951  1
5318 9952  1
7162 9954  1
1507 9955  1
8358 9955  1
6951 9957  1
3281 9958  1
6882 9959  1
2028 9960  1
2127 9960  1
2249 9960  1
3658 9960  1
6565 9960  1
3303 9961  1
3930 9962  1
6776 9962  1
3063 9964  1
4565 9964  1
9181 9965  1
2437 9966  1
6625 9968  1
5034 9969  1
8323 9969  1
665 9971  1
3919 9973  1
4423 9973  1
454 9974  1
7949 9974  1
2345 9975  1
3985 9975  1
5632 9977  1
6118 9978  1
7509 9978  1
873 9980  1
7870 9982  1
7460 9985  1
2022 9992  1
4820 9993  1
5010 9993  1
2214 9996  1
3956 9996  1
2126 9998  1
2354 9998  1
9371 9998  1
