%%MatrixMarket matrix coordinate real general
% Generated 04-Mar-2013
1000 1000 511
24 43  1
40 43  1
63 65  1
66 83  1
79 85  1
1 92  1
50 108  1
11 112  1
3 113  1
71 113  1
47 126  1
91 138  1
119 144  1
84 145  1
89 146  1
70 147  1
12 148  1
146 160  1
108 165  1
149 169  1
50 174  1
40 175  1
90 177  1
100 184  1
38 197  1
30 199  1
149 202  1
1 208  1
190 208  1
23 210  1
78 212  1
121 214  1
107 222  1
121 229  1
180 231  1
166 242  1
81 243  1
83 244  1
191 246  1
137 253  1
160 254  1
240 255  1
238 257  1
193 258  1
123 260  1
237 270  1
47 271  1
241 272  1
274 276  1
137 283  1
167 286  1
44 290  1
134 290  1
152 290  1
178 292  1
215 294  1
191 296  1
284 299  1
291 299  1
64 300  1
199 304  1
291 304  1
62 305  1
81 305  1
136 308  1
29 309  1
145 315  1
74 316  1
169 317  1
288 319  1
270 323  1
139 334  1
291 334  1
219 335  1
105 340  1
56 351  1
230 356  1
70 362  1
287 366  1
308 366  1
194 370  1
98 377  1
91 381  1
316 384  1
144 385  1
199 385  1
70 396  1
318 396  1
78 398  1
272 399  1
163 401  1
203 401  1
121 403  1
32 409  1
353 410  1
244 411  1
51 413  1
1 414  1
128 414  1
353 421  1
68 432  1
113 436  1
325 454  1
389 454  1
104 459  1
144 464  1
74 465  1
332 466  1
1 467  1
51 468  1
274 468  1
199 471  1
311 473  1
26 474  1
288 475  1
89 476  1
405 476  1
296 481  1
126 483  1
171 483  1
179 484  1
270 484  1
39 487  1
337 489  1
228 497  1
184 501  1
277 501  1
446 501  1
309 502  1
334 502  1
378 502  1
240 507  1
414 508  1
267 510  1
464 513  1
502 513  1
374 514  1
50 515  1
42 516  1
63 518  1
39 519  1
61 519  1
61 520  1
423 520  1
80 522  1
392 524  1
261 525  1
26 526  1
320 526  1
116 527  1
430 527  1
35 528  1
95 528  1
223 528  1
520 529  1
65 531  1
465 531  1
444 533  1
221 534  1
328 534  1
255 538  1
282 538  1
36 540  1
165 540  1
232 540  1
221 543  1
84 544  1
101 544  1
11 546  1
392 546  1
442 548  1
427 553  1
170 556  1
280 557  1
144 558  1
120 559  1
201 563  1
210 563  1
197 570  1
491 570  1
118 573  1
499 573  1
289 576  1
512 576  1
365 581  1
411 585  1
53 589  1
549 591  1
45 592  1
255 594  1
91 595  1
76 600  1
299 600  1
31 603  1
512 603  1
224 612  1
107 613  1
234 614  1
30 616  1
173 616  1
442 617  1
450 620  1
138 622  1
414 622  1
250 623  1
517 624  1
528 627  1
314 629  1
286 632  1
130 633  1
486 635  1
577 636  1
472 639  1
480 642  1
588 643  1
124 644  1
581 646  1
295 649  1
564 651  1
201 652  1
364 653  1
152 658  1
456 662  1
582 664  1
347 667  1
519 668  1
237 670  1
165 674  1
562 674  1
252 675  1
665 675  1
270 676  1
418 678  1
260 680  1
112 681  1
241 682  1
124 683  1
146 687  1
450 687  1
93 688  1
226 688  1
656 690  1
601 691  1
266 692  1
341 693  1
691 694  1
304 695  1
582 695  1
310 697  1
324 697  1
353 697  1
186 700  1
699 700  1
423 702  1
141 704  1
410 704  1
99 706  1
694 710  1
100 711  1
245 713  1
558 718  1
704 718  1
28 719  1
284 720  1
431 720  1
283 721  1
611 722  1
664 722  1
59 725  1
198 725  1
239 725  1
675 725  1
664 727  1
194 728  1
240 728  1
208 729  1
268 729  1
319 729  1
132 733  1
624 733  1
8 734  1
300 734  1
166 736  1
600 739  1
301 740  1
316 741  1
240 743  1
491 743  1
131 744  1
334 744  1
189 747  1
287 747  1
423 748  1
210 750  1
246 752  1
302 753  1
617 754  1
441 755  1
635 756  1
596 757  1
498 760  1
16 762  1
310 762  1
434 762  1
569 763  1
647 763  1
648 763  1
179 766  1
118 767  1
440 767  1
211 768  1
81 769  1
574 771  1
578 772  1
15 773  1
405 775  1
711 776  1
375 777  1
395 777  1
277 778  1
333 778  1
362 778  1
463 778  1
619 778  1
78 783  1
181 783  1
219 788  1
281 788  1
228 789  1
673 789  1
672 794  1
371 795  1
289 796  1
629 801  1
444 802  1
608 802  1
3 804  1
384 804  1
431 804  1
526 804  1
672 806  1
253 809  1
34 810  1
498 812  1
560 813  1
574 814  1
736 815  1
708 816  1
400 820  1
101 821  1
463 824  1
7 826  1
72 826  1
574 826  1
229 827  1
757 827  1
27 828  1
513 828  1
251 829  1
553 830  1
243 833  1
738 834  1
644 835  1
833 835  1
91 838  1
818 838  1
221 839  1
638 839  1
169 842  1
787 842  1
406 843  1
345 845  1
297 849  1
676 849  1
748 851  1
846 853  1
366 854  1
521 855  1
265 858  1
760 858  1
36 860  1
774 860  1
405 861  1
573 862  1
244 864  1
675 864  1
694 864  1
709 864  1
157 867  1
687 867  1
744 867  1
193 868  1
5 869  1
130 869  1
178 869  1
581 869  1
377 870  1
292 871  1
286 877  1
175 878  1
128 880  1
149 881  1
389 881  1
419 883  1
846 883  1
734 885  1
56 888  1
821 888  1
1 889  1
669 890  1
325 892  1
349 893  1
763 893  1
416 894  1
46 895  1
820 895  1
740 896  1
469 897  1
532 897  1
623 897  1
163 899  1
707 900  1
174 901  1
580 901  1
483 904  1
215 905  1
277 905  1
497 905  1
796 905  1
194 907  1
509 907  1
391 908  1
778 908  1
840 909  1
298 912  1
843 912  1
699 914  1
141 916  1
25 917  1
702 918  1
240 919  1
556 920  1
92 922  1
412 923  1
97 924  1
803 926  1
271 927  1
221 928  1
416 928  1
452 928  1
527 928  1
708 928  1
367 929  1
411 930  1
657 930  1
35 931  1
514 932  1
563 932  1
212 933  1
677 934  1
486 936  1
599 936  1
467 937  1
153 939  1
363 939  1
6 941  1
846 942  1
574 945  1
680 945  1
144 947  1
27 948  1
152 948  1
212 950  1
52 953  1
744 953  1
916 953  1
242 954  1
85 956  1
199 956  1
614 956  1
794 956  1
663 957  1
834 959  1
343 961  1
931 962  1
857 963  1
576 964  1
701 965  1
41 968  1
335 971  1
124 973  1
833 973  1
88 974  1
873 975  1
613 977  1
867 977  1
645 979  1
289 980  1
327 980  1
445 980  1
742 980  1
596 986  1
278 988  1
430 991  1
69 992  1
244 992  1
850 993  1
414 994  1
730 994  1
282 996  1
481 998  1
