%%MatrixMarket matrix coordinate real general
% Generated 04-Mar-2013
1000 1000 492
20 21  1
11 52  1
36 99  1
1 101  1
35 109  1
107 119  1
101 125  1
64 130  1
124 131  1
49 132  1
117 135  1
113 151  1
123 162  1
78 174  1
99 174  1
30 184  1
137 186  1
158 190  1
49 192  1
23 197  1
28 198  1
49 198  1
37 203  1
147 203  1
198 207  1
18 211  1
157 217  1
168 218  1
22 221  1
90 222  1
144 236  1
185 240  1
93 241  1
6 248  1
45 258  1
122 259  1
16 267  1
130 268  1
183 268  1
152 269  1
102 271  1
242 272  1
103 286  1
60 288  1
279 288  1
277 294  1
90 298  1
135 298  1
184 301  1
93 305  1
249 306  1
258 306  1
282 307  1
52 308  1
37 309  1
98 309  1
82 311  1
151 311  1
100 312  1
103 313  1
251 323  1
108 326  1
187 326  1
105 327  1
83 328  1
116 329  1
248 339  1
175 340  1
71 347  1
158 347  1
77 351  1
2 353  1
245 353  1
312 353  1
140 354  1
150 355  1
193 355  1
2 356  1
230 357  1
72 364  1
174 366  1
94 367  1
324 369  1
22 373  1
193 377  1
38 378  1
371 382  1
85 384  1
349 386  1
291 393  1
60 394  1
83 399  1
195 401  1
84 402  1
112 402  1
196 406  1
230 407  1
142 410  1
346 413  1
21 416  1
242 417  1
344 418  1
328 419  1
303 428  1
123 432  1
150 437  1
108 446  1
129 446  1
197 446  1
129 450  1
444 454  1
188 457  1
157 458  1
307 459  1
252 460  1
344 462  1
362 465  1
411 467  1
35 470  1
129 470  1
11 471  1
122 471  1
226 471  1
340 471  1
192 472  1
401 473  1
259 474  1
299 477  1
407 478  1
301 479  1
76 483  1
397 483  1
34 488  1
473 488  1
3 493  1
80 493  1
178 494  1
7 495  1
245 495  1
402 495  1
461 496  1
257 498  1
386 500  1
387 500  1
69 503  1
487 505  1
178 506  1
359 509  1
130 513  1
261 514  1
86 515  1
255 517  1
436 517  1
22 519  1
62 524  1
35 525  1
88 528  1
138 530  1
149 530  1
335 530  1
244 532  1
475 532  1
487 533  1
137 535  1
316 537  1
350 542  1
467 543  1
199 546  1
302 546  1
375 548  1
320 550  1
78 551  1
329 556  1
36 557  1
369 562  1
508 565  1
198 568  1
283 568  1
197 574  1
474 574  1
349 576  1
245 577  1
159 578  1
279 578  1
476 578  1
519 581  1
57 582  1
199 582  1
262 589  1
447 591  1
99 592  1
275 592  1
9 594  1
25 598  1
492 599  1
508 603  1
285 604  1
293 605  1
480 605  1
82 608  1
407 609  1
127 615  1
356 618  1
616 618  1
532 619  1
472 631  1
599 633  1
155 635  1
264 635  1
165 636  1
381 637  1
313 639  1
85 641  1
403 641  1
616 643  1
527 644  1
262 645  1
71 647  1
326 649  1
462 654  1
603 656  1
356 657  1
364 657  1
276 658  1
555 659  1
607 659  1
6 660  1
592 665  1
131 668  1
447 668  1
403 672  1
33 673  1
416 673  1
49 674  1
141 674  1
291 674  1
492 676  1
46 678  1
201 678  1
304 678  1
256 680  1
589 681  1
192 682  1
653 682  1
367 685  1
453 687  1
418 691  1
471 695  1
633 695  1
443 699  1
681 699  1
541 700  1
146 701  1
36 702  1
207 703  1
21 704  1
205 704  1
362 706  1
635 706  1
380 708  1
598 708  1
590 709  1
144 711  1
508 712  1
494 713  1
128 717  1
56 718  1
571 721  1
542 722  1
641 722  1
233 723  1
332 725  1
498 725  1
498 727  1
564 727  1
428 728  1
71 729  1
157 729  1
159 729  1
379 731  1
469 734  1
84 735  1
526 735  1
9 738  1
103 738  1
290 738  1
505 739  1
400 740  1
480 740  1
354 741  1
39 742  1
677 742  1
188 747  1
504 749  1
577 751  1
45 752  1
307 756  1
736 757  1
682 761  1
107 763  1
527 763  1
63 766  1
277 766  1
543 766  1
111 768  1
131 769  1
224 771  1
413 772  1
79 775  1
638 775  1
632 778  1
111 780  1
102 783  1
10 784  1
714 784  1
62 785  1
526 785  1
676 787  1
112 788  1
316 788  1
198 790  1
333 791  1
775 793  1
196 794  1
751 794  1
34 800  1
72 802  1
150 803  1
608 806  1
365 808  1
605 809  1
400 811  1
679 812  1
529 814  1
701 814  1
83 815  1
85 815  1
136 815  1
527 820  1
582 820  1
449 821  1
816 821  1
216 822  1
311 822  1
494 822  1
97 823  1
701 823  1
605 825  1
154 826  1
403 828  1
809 829  1
580 831  1
800 833  1
441 834  1
658 834  1
137 835  1
740 836  1
355 840  1
469 840  1
639 841  1
594 842  1
209 844  1
517 849  1
745 849  1
133 850  1
730 851  1
738 853  1
361 857  1
101 858  1
272 859  1
273 859  1
33 860  1
605 862  1
626 862  1
147 864  1
572 867  1
662 868  1
23 870  1
350 870  1
511 870  1
734 870  1
743 871  1
605 872  1
265 874  1
204 877  1
377 877  1
688 877  1
107 878  1
335 879  1
400 879  1
706 881  1
830 882  1
725 886  1
48 887  1
28 890  1
41 892  1
596 893  1
722 894  1
815 894  1
870 895  1
419 897  1
415 898  1
821 898  1
520 901  1
554 901  1
561 901  1
152 902  1
521 907  1
660 912  1
681 912  1
177 914  1
139 915  1
154 915  1
610 915  1
876 916  1
409 920  1
497 921  1
274 923  1
327 924  1
585 926  1
533 927  1
83 928  1
97 928  1
503 928  1
828 929  1
878 930  1
223 932  1
514 932  1
769 932  1
136 933  1
286 933  1
315 933  1
107 937  1
543 938  1
825 938  1
845 940  1
67 941  1
561 941  1
519 942  1
760 943  1
517 945  1
272 946  1
390 946  1
564 946  1
672 947  1
663 948  1
249 949  1
582 950  1
565 952  1
550 954  1
675 954  1
801 954  1
314 956  1
271 957  1
76 958  1
289 958  1
468 962  1
686 965  1
363 966  1
735 966  1
79 968  1
430 968  1
518 968  1
95 969  1
233 970  1
512 971  1
614 974  1
113 975  1
127 976  1
271 977  1
882 978  1
698 980  1
212 981  1
962 981  1
816 982  1
849 982  1
114 983  1
264 983  1
563 984  1
570 984  1
719 984  1
486 985  1
717 986  1
228 988  1
473 989  1
97 991  1
78 992  1
37 995  1
610 995  1
766 999  1
767 1000  1
898 1000  1
