%%MatrixMarket matrix coordinate real general
% Generated 04-Mar-2013
1000 1000 503
43 47  1
61 81  1
74 95  1
78 99  1
67 108  1
43 119  1
11 125  1
102 132  1
23 142  1
58 154  1
68 169  1
99 170  1
133 174  1
110 189  1
89 198  1
99 203  1
60 216  1
116 216  1
19 219  1
176 222  1
37 224  1
157 230  1
111 231  1
135 241  1
130 243  1
89 244  1
230 246  1
9 251  1
49 251  1
67 254  1
111 254  1
89 259  1
105 260  1
90 269  1
37 275  1
198 284  1
265 287  1
119 289  1
80 292  1
50 294  1
242 302  1
57 305  1
55 308  1
20 313  1
60 314  1
89 316  1
301 321  1
60 325  1
144 328  1
94 337  1
263 347  1
39 348  1
241 351  1
4 358  1
272 362  1
171 364  1
126 372  1
181 374  1
253 377  1
182 378  1
278 382  1
332 383  1
99 384  1
85 386  1
378 389  1
279 390  1
281 391  1
2 398  1
164 402  1
279 403  1
348 405  1
264 406  1
153 408  1
1 412  1
328 413  1
39 417  1
96 419  1
395 428  1
65 430  1
240 430  1
48 431  1
178 436  1
142 441  1
442 444  1
18 445  1
133 451  1
324 452  1
82 453  1
284 453  1
78 454  1
185 461  1
401 462  1
153 463  1
373 464  1
135 465  1
70 469  1
322 470  1
64 481  1
191 484  1
399 484  1
53 486  1
342 489  1
444 489  1
315 495  1
46 496  1
59 498  1
329 498  1
96 500  1
59 501  1
125 503  1
280 508  1
361 509  1
46 511  1
366 511  1
348 515  1
219 517  1
73 518  1
41 521  1
507 521  1
508 522  1
196 526  1
240 528  1
184 529  1
68 531  1
339 531  1
458 531  1
345 532  1
413 532  1
466 532  1
267 535  1
126 536  1
500 537  1
37 542  1
71 543  1
311 544  1
359 545  1
130 546  1
260 547  1
274 547  1
229 555  1
191 557  1
517 557  1
125 558  1
196 558  1
387 558  1
154 560  1
61 562  1
496 562  1
189 565  1
253 565  1
138 566  1
22 568  1
493 568  1
472 569  1
115 571  1
227 572  1
44 577  1
163 581  1
389 585  1
59 587  1
426 588  1
374 589  1
467 589  1
84 591  1
26 593  1
206 595  1
234 595  1
588 595  1
351 596  1
346 597  1
202 607  1
195 608  1
30 611  1
40 612  1
535 616  1
557 616  1
465 618  1
346 619  1
613 619  1
399 620  1
139 623  1
60 625  1
558 625  1
147 626  1
435 627  1
33 630  1
370 630  1
248 632  1
217 639  1
80 640  1
214 644  1
254 645  1
445 648  1
329 649  1
37 650  1
215 651  1
20 655  1
486 655  1
166 658  1
604 659  1
285 664  1
12 665  1
631 665  1
637 665  1
608 667  1
162 668  1
247 670  1
55 672  1
92 672  1
308 676  1
350 677  1
448 678  1
512 678  1
45 682  1
141 682  1
637 682  1
437 683  1
644 685  1
299 687  1
66 688  1
449 689  1
618 692  1
115 694  1
216 696  1
527 696  1
659 698  1
36 701  1
234 701  1
668 701  1
531 703  1
540 703  1
18 705  1
123 705  1
489 706  1
53 707  1
529 708  1
42 709  1
142 710  1
542 711  1
376 712  1
5 713  1
310 713  1
193 714  1
389 714  1
577 716  1
20 718  1
695 718  1
547 719  1
672 719  1
90 720  1
52 721  1
47 723  1
206 723  1
237 725  1
561 727  1
246 728  1
644 729  1
62 730  1
336 730  1
303 731  1
568 731  1
713 731  1
580 735  1
396 736  1
438 736  1
92 737  1
319 737  1
184 738  1
453 739  1
21 740  1
221 740  1
280 741  1
594 741  1
402 742  1
503 743  1
269 745  1
583 745  1
683 748  1
53 749  1
474 753  1
707 754  1
318 755  1
301 756  1
739 756  1
70 759  1
656 759  1
570 761  1
75 762  1
169 763  1
42 766  1
118 767  1
635 767  1
749 767  1
20 769  1
311 770  1
447 771  1
415 775  1
376 776  1
105 777  1
200 777  1
548 780  1
385 781  1
642 781  1
25 782  1
43 782  1
24 784  1
458 784  1
352 791  1
510 791  1
69 792  1
576 793  1
146 795  1
120 797  1
796 797  1
175 798  1
328 804  1
677 804  1
533 806  1
431 807  1
314 812  1
325 812  1
163 814  1
695 814  1
493 815  1
525 816  1
624 816  1
770 816  1
186 817  1
641 818  1
57 820  1
718 821  1
110 822  1
286 822  1
78 824  1
458 824  1
701 826  1
127 827  1
714 827  1
141 831  1
317 832  1
117 833  1
564 837  1
346 839  1
659 839  1
696 839  1
22 840  1
27 846  1
179 846  1
402 847  1
453 847  1
408 848  1
393 849  1
75 850  1
668 850  1
196 853  1
609 856  1
622 857  1
657 857  1
573 858  1
423 859  1
675 860  1
813 864  1
579 865  1
625 865  1
227 867  1
739 868  1
651 869  1
535 870  1
237 871  1
659 873  1
142 874  1
293 874  1
37 875  1
260 875  1
344 875  1
812 875  1
533 877  1
185 878  1
189 882  1
315 884  1
310 885  1
526 885  1
538 886  1
88 887  1
675 887  1
731 887  1
81 888  1
183 888  1
644 890  1
683 891  1
733 892  1
253 894  1
735 894  1
806 894  1
681 895  1
188 897  1
235 897  1
281 898  1
585 899  1
456 901  1
151 902  1
237 902  1
538 902  1
717 902  1
503 906  1
182 910  1
257 910  1
359 910  1
674 910  1
412 913  1
866 914  1
867 915  1
893 921  1
796 922  1
885 923  1
547 924  1
384 925  1
733 925  1
601 926  1
291 927  1
831 927  1
230 928  1
39 929  1
64 929  1
337 929  1
374 930  1
806 930  1
16 931  1
906 931  1
207 936  1
281 936  1
658 936  1
297 938  1
931 938  1
416 939  1
490 939  1
346 940  1
725 941  1
327 942  1
685 942  1
812 946  1
102 947  1
697 947  1
772 947  1
484 948  1
762 949  1
883 949  1
401 951  1
653 951  1
570 952  1
642 952  1
902 952  1
767 953  1
433 955  1
128 957  1
622 957  1
18 962  1
323 962  1
424 962  1
286 963  1
833 963  1
924 963  1
571 964  1
85 965  1
925 965  1
122 966  1
784 968  1
716 969  1
117 970  1
97 971  1
65 972  1
753 973  1
846 973  1
286 976  1
866 977  1
305 978  1
225 979  1
338 979  1
499 979  1
134 981  1
372 981  1
529 981  1
658 982  1
936 982  1
244 983  1
256 983  1
773 986  1
829 987  1
829 988  1
206 989  1
349 989  1
552 989  1
597 989  1
605 990  1
891 991  1
263 994  1
653 994  1
236 995  1
115 996  1
506 997  1
622 998  1
698 998  1
132 999  1
