%%MatrixMarket matrix coordinate real general
% Generated 04-Mar-2013
1000 1000 494
4 58  1
59 63  1
34 65  1
23 68  1
41 97  1
91 99  1
110 113  1
21 125  1
121 125  1
31 131  1
85 144  1
7 154  1
122 154  1
120 161  1
114 165  1
29 172  1
82 172  1
22 184  1
150 194  1
186 194  1
67 198  1
148 216  1
190 220  1
206 221  1
99 225  1
11 226  1
86 235  1
197 237  1
135 239  1
63 241  1
113 250  1
36 253  1
44 261  1
9 262  1
85 269  1
135 270  1
209 278  1
237 293  1
86 296  1
272 297  1
66 304  1
155 304  1
179 306  1
236 306  1
230 308  1
25 314  1
312 321  1
18 323  1
317 329  1
221 332  1
289 336  1
11 337  1
37 338  1
281 340  1
72 341  1
173 343  1
66 344  1
70 344  1
60 346  1
289 351  1
241 353  1
139 354  1
240 356  1
279 356  1
279 357  1
130 360  1
323 360  1
327 362  1
86 367  1
314 368  1
45 371  1
146 371  1
322 373  1
25 376  1
233 377  1
70 381  1
188 383  1
41 385  1
307 387  1
366 396  1
191 401  1
350 403  1
352 403  1
242 404  1
132 407  1
195 407  1
386 407  1
265 414  1
401 419  1
167 420  1
272 429  1
283 430  1
405 430  1
169 431  1
71 434  1
20 440  1
200 440  1
360 440  1
415 441  1
441 442  1
363 443  1
154 445  1
60 448  1
413 448  1
10 451  1
126 455  1
182 455  1
441 456  1
313 460  1
420 461  1
295 464  1
237 471  1
453 475  1
329 476  1
51 478  1
104 481  1
187 481  1
174 483  1
343 488  1
22 489  1
127 497  1
288 499  1
393 501  1
202 504  1
269 507  1
317 510  1
390 512  1
89 514  1
219 514  1
443 514  1
452 516  1
58 518  1
467 523  1
65 525  1
98 525  1
238 532  1
10 535  1
19 535  1
339 535  1
344 536  1
118 537  1
172 538  1
397 539  1
92 542  1
443 542  1
13 545  1
90 545  1
487 545  1
541 548  1
23 550  1
211 551  1
161 553  1
325 556  1
524 556  1
104 558  1
390 564  1
60 566  1
141 568  1
294 568  1
514 568  1
146 569  1
151 570  1
428 574  1
279 577  1
533 577  1
8 578  1
248 586  1
398 588  1
213 589  1
413 590  1
352 592  1
409 592  1
521 593  1
130 596  1
555 598  1
384 599  1
142 602  1
341 605  1
605 606  1
218 608  1
401 613  1
45 615  1
97 618  1
578 618  1
281 621  1
11 624  1
193 625  1
66 630  1
560 632  1
473 634  1
484 634  1
446 635  1
558 635  1
585 636  1
325 641  1
105 644  1
390 647  1
334 649  1
499 649  1
454 651  1
616 652  1
9 655  1
373 656  1
242 657  1
219 660  1
221 660  1
619 663  1
438 664  1
319 665  1
287 670  1
650 670  1
101 672  1
244 674  1
667 674  1
539 676  1
373 677  1
402 677  1
537 677  1
495 678  1
203 679  1
614 679  1
444 681  1
487 685  1
623 685  1
244 686  1
322 689  1
93 691  1
663 695  1
188 696  1
210 696  1
183 697  1
592 698  1
143 699  1
670 702  1
213 706  1
398 706  1
640 706  1
31 708  1
658 708  1
629 710  1
604 711  1
543 712  1
321 713  1
488 714  1
537 714  1
667 714  1
63 717  1
664 717  1
379 720  1
701 720  1
20 721  1
314 722  1
351 722  1
528 723  1
167 727  1
688 727  1
365 728  1
49 729  1
653 729  1
191 730  1
59 735  1
530 738  1
685 739  1
587 741  1
185 742  1
187 743  1
148 744  1
239 744  1
38 745  1
448 747  1
280 752  1
30 753  1
693 755  1
63 756  1
271 756  1
127 757  1
594 760  1
693 760  1
33 762  1
618 762  1
218 766  1
479 766  1
394 767  1
723 768  1
678 769  1
73 770  1
382 770  1
754 770  1
651 771  1
640 775  1
702 775  1
727 775  1
26 776  1
172 776  1
235 776  1
717 781  1
224 782  1
250 782  1
610 782  1
650 783  1
402 784  1
460 784  1
509 787  1
154 790  1
312 791  1
708 794  1
157 795  1
400 795  1
719 795  1
70 796  1
474 796  1
688 797  1
59 800  1
726 801  1
606 803  1
397 806  1
49 808  1
148 808  1
22 813  1
555 813  1
699 813  1
789 815  1
97 817  1
262 817  1
719 817  1
746 817  1
228 818  1
621 821  1
745 821  1
338 822  1
657 822  1
183 825  1
742 825  1
134 826  1
505 827  1
761 827  1
41 828  1
69 829  1
271 829  1
400 830  1
564 830  1
204 831  1
385 831  1
398 832  1
699 832  1
544 833  1
593 834  1
616 837  1
378 839  1
234 840  1
406 840  1
717 840  1
175 841  1
223 845  1
376 845  1
323 846  1
546 846  1
726 846  1
627 847  1
419 849  1
818 851  1
326 852  1
25 853  1
252 856  1
661 857  1
291 859  1
330 859  1
78 860  1
83 861  1
295 862  1
671 862  1
759 862  1
115 863  1
344 863  1
552 865  1
444 868  1
121 872  1
827 875  1
600 877  1
330 878  1
814 883  1
70 884  1
528 885  1
39 886  1
795 887  1
140 888  1
239 888  1
361 889  1
7 890  1
181 891  1
360 891  1
663 891  1
371 895  1
867 895  1
444 896  1
304 897  1
237 898  1
191 899  1
682 899  1
221 900  1
714 901  1
668 902  1
231 905  1
785 905  1
723 906  1
888 907  1
261 908  1
879 908  1
56 910  1
169 910  1
860 911  1
354 914  1
874 915  1
109 918  1
357 918  1
66 919  1
199 921  1
600 921  1
758 921  1
459 922  1
761 922  1
254 924  1
855 924  1
726 925  1
571 926  1
704 926  1
758 929  1
823 929  1
192 933  1
515 933  1
744 935  1
76 936  1
121 936  1
679 936  1
210 937  1
527 937  1
847 938  1
308 939  1
601 939  1
846 940  1
372 941  1
568 944  1
435 945  1
465 946  1
401 948  1
412 948  1
248 949  1
126 950  1
157 950  1
287 951  1
949 953  1
91 955  1
785 955  1
953 955  1
559 957  1
878 957  1
827 958  1
33 962  1
215 963  1
395 963  1
556 964  1
472 965  1
918 965  1
429 966  1
7 971  1
874 972  1
148 973  1
88 975  1
142 976  1
670 976  1
589 977  1
230 978  1
38 979  1
504 980  1
227 982  1
290 983  1
667 983  1
503 984  1
791 984  1
345 988  1
720 989  1
728 991  1
49 993  1
256 993  1
442 995  1
814 995  1
252 996  1
722 996  1
497 997  1
657 997  1
755 997  1
258 999  1
495 999  1
394 1000  1
