%%MatrixMarket matrix coordinate real general
% Generated 04-Mar-2013
1000 1000 520
3 12  1
1 35  1
36 42  1
65 82  1
10 85  1
35 87  1
89 96  1
58 119  1
63 124  1
104 124  1
90 134  1
134 139  1
24 149  1
114 152  1
108 153  1
8 157  1
89 157  1
92 164  1
26 168  1
109 196  1
190 208  1
35 213  1
52 225  1
195 229  1
109 230  1
13 239  1
20 239  1
180 241  1
62 255  1
141 259  1
114 265  1
152 271  1
176 275  1
222 277  1
104 285  1
174 285  1
91 291  1
257 294  1
133 295  1
60 296  1
273 303  1
33 312  1
233 315  1
232 318  1
278 318  1
55 319  1
308 319  1
67 326  1
79 327  1
102 327  1
22 339  1
9 345  1
128 347  1
184 347  1
100 348  1
30 350  1
26 354  1
85 355  1
350 355  1
352 355  1
2 357  1
173 358  1
345 364  1
11 365  1
15 373  1
144 380  1
200 380  1
267 382  1
12 383  1
218 383  1
243 386  1
271 388  1
165 389  1
349 389  1
252 392  1
388 394  1
160 401  1
178 403  1
313 407  1
160 410  1
357 417  1
4 422  1
153 423  1
77 424  1
376 424  1
315 428  1
334 431  1
430 431  1
150 434  1
240 435  1
273 435  1
360 435  1
226 436  1
151 437  1
166 439  1
384 443  1
171 452  1
335 454  1
359 454  1
203 455  1
345 457  1
312 460  1
191 472  1
204 474  1
382 474  1
173 481  1
206 483  1
64 485  1
275 487  1
257 488  1
14 489  1
249 490  1
348 495  1
308 497  1
277 499  1
42 500  1
343 500  1
394 505  1
430 506  1
428 508  1
106 509  1
370 511  1
76 513  1
99 513  1
441 518  1
322 522  1
320 523  1
419 523  1
140 524  1
120 525  1
140 526  1
495 526  1
404 535  1
536 541  1
5 542  1
41 543  1
416 544  1
139 547  1
343 547  1
73 551  1
219 551  1
205 552  1
312 552  1
419 553  1
4 555  1
47 555  1
316 558  1
509 558  1
474 562  1
192 563  1
330 566  1
54 567  1
15 569  1
189 570  1
86 574  1
163 575  1
313 575  1
488 575  1
17 578  1
309 581  1
383 581  1
141 586  1
380 587  1
504 587  1
514 587  1
400 593  1
342 600  1
76 605  1
49 606  1
462 606  1
556 606  1
338 608  1
122 611  1
85 615  1
601 618  1
411 621  1
437 621  1
619 621  1
82 623  1
185 623  1
535 624  1
99 627  1
50 632  1
102 633  1
125 635  1
292 635  1
296 636  1
383 637  1
513 637  1
115 638  1
62 639  1
558 641  1
609 641  1
467 645  1
568 645  1
126 646  1
326 649  1
607 649  1
646 650  1
117 651  1
337 653  1
379 657  1
80 658  1
13 660  1
424 660  1
106 663  1
284 664  1
194 665  1
500 667  1
272 668  1
625 670  1
377 671  1
629 671  1
512 674  1
254 680  1
627 683  1
214 684  1
360 689  1
151 690  1
672 692  1
500 695  1
349 696  1
411 696  1
674 698  1
679 700  1
208 701  1
406 703  1
463 703  1
172 705  1
202 706  1
545 706  1
374 708  1
523 708  1
641 708  1
666 711  1
613 712  1
560 714  1
178 716  1
292 723  1
6 724  1
167 726  1
141 728  1
416 728  1
521 728  1
589 728  1
99 732  1
343 732  1
513 733  1
41 734  1
372 734  1
498 739  1
100 740  1
277 740  1
564 742  1
324 743  1
456 743  1
521 744  1
9 746  1
348 746  1
531 748  1
436 750  1
282 752  1
479 753  1
3 755  1
199 756  1
189 757  1
468 759  1
570 759  1
544 761  1
658 761  1
254 762  1
440 762  1
494 765  1
490 766  1
80 767  1
114 767  1
180 769  1
739 771  1
2 772  1
31 775  1
175 775  1
703 776  1
675 779  1
35 782  1
645 785  1
780 788  1
660 791  1
568 793  1
498 796  1
184 797  1
14 798  1
706 800  1
122 801  1
551 801  1
163 802  1
703 802  1
730 804  1
791 804  1
719 805  1
118 806  1
455 808  1
36 809  1
600 809  1
183 810  1
140 811  1
415 811  1
225 813  1
66 815  1
123 815  1
174 817  1
497 817  1
536 817  1
682 817  1
53 818  1
539 822  1
83 823  1
529 823  1
24 824  1
447 824  1
673 824  1
799 825  1
93 826  1
340 826  1
288 827  1
546 827  1
44 828  1
157 828  1
445 830  1
528 831  1
134 834  1
397 839  1
510 839  1
742 840  1
784 840  1
211 841  1
425 841  1
427 845  1
678 847  1
171 848  1
506 848  1
722 852  1
379 853  1
21 854  1
30 857  1
223 857  1
824 857  1
39 858  1
771 858  1
159 860  1
28 861  1
181 862  1
793 862  1
714 864  1
324 865  1
112 867  1
188 867  1
295 868  1
505 868  1
580 868  1
654 869  1
251 870  1
150 871  1
303 873  1
475 873  1
709 874  1
598 875  1
694 876  1
660 877  1
45 879  1
639 880  1
84 881  1
230 881  1
377 881  1
117 882  1
586 884  1
622 884  1
187 885  1
393 885  1
684 885  1
474 887  1
55 888  1
554 888  1
741 888  1
426 890  1
503 890  1
821 891  1
227 892  1
890 893  1
772 894  1
728 896  1
225 897  1
870 897  1
142 899  1
682 900  1
290 901  1
650 902  1
46 905  1
350 906  1
442 907  1
598 907  1
503 908  1
30 909  1
31 910  1
318 911  1
56 912  1
427 913  1
599 913  1
655 913  1
779 913  1
853 913  1
515 914  1
566 915  1
849 915  1
473 916  1
223 919  1
560 919  1
55 920  1
404 920  1
659 920  1
41 921  1
377 921  1
447 922  1
623 924  1
243 925  1
825 925  1
152 928  1
258 928  1
767 929  1
17 930  1
476 930  1
620 930  1
629 930  1
15 931  1
852 932  1
157 934  1
167 934  1
328 934  1
552 934  1
76 935  1
576 935  1
707 935  1
839 936  1
311 937  1
531 937  1
726 938  1
89 940  1
161 940  1
142 941  1
286 941  1
548 941  1
64 942  1
933 942  1
374 943  1
512 943  1
665 944  1
456 945  1
520 946  1
798 946  1
142 948  1
511 950  1
286 951  1
545 952  1
216 953  1
611 955  1
217 956  1
7 959  1
350 959  1
571 959  1
862 959  1
588 960  1
609 960  1
688 960  1
390 961  1
793 963  1
63 964  1
787 965  1
557 966  1
22 968  1
419 968  1
617 969  1
58 971  1
418 971  1
830 971  1
13 974  1
948 974  1
215 975  1
579 975  1
484 976  1
856 976  1
954 976  1
568 977  1
621 977  1
724 978  1
896 978  1
834 979  1
16 980  1
22 981  1
547 981  1
832 982  1
224 986  1
679 987  1
872 987  1
389 988  1
436 988  1
288 989  1
421 991  1
672 991  1
261 993  1
529 994  1
566 994  1
921 994  1
221 995  1
879 996  1
331 997  1
971 997  1
69 998  1
782 998  1
957 999  1
169 1000  1
749 1000  1
