%%MatrixMarket matrix coordinate real general
% Generated 04-Mar-2013
1000 1000 504
16 36  1
18 90  1
35 92  1
108 116  1
99 118  1
40 121  1
98 126  1
123 131  1
145 147  1
70 150  1
74 156  1
102 157  1
22 159  1
29 159  1
38 161  1
106 162  1
147 162  1
35 171  1
60 171  1
160 171  1
16 175  1
136 176  1
25 177  1
103 183  1
126 184  1
62 185  1
122 191  1
154 202  1
48 203  1
68 207  1
60 218  1
164 223  1
80 231  1
110 234  1
144 237  1
105 251  1
140 252  1
225 256  1
82 261  1
203 261  1
145 262  1
7 263  1
218 268  1
51 273  1
151 281  1
253 281  1
23 283  1
130 285  1
16 290  1
191 300  1
85 306  1
144 316  1
216 316  1
112 318  1
177 318  1
300 318  1
317 328  1
131 331  1
153 335  1
12 342  1
291 349  1
169 356  1
68 362  1
122 362  1
132 366  1
219 367  1
356 368  1
139 370  1
306 371  1
334 373  1
168 377  1
42 378  1
248 379  1
245 385  1
240 388  1
131 394  1
65 396  1
152 396  1
230 396  1
170 397  1
290 401  1
328 405  1
25 406  1
331 407  1
388 409  1
83 420  1
45 423  1
266 423  1
232 424  1
404 424  1
224 426  1
354 427  1
207 428  1
368 428  1
57 443  1
188 444  1
386 444  1
332 446  1
285 448  1
345 449  1
434 451  1
398 454  1
93 458  1
120 458  1
297 458  1
291 463  1
41 465  1
79 466  1
360 469  1
276 470  1
120 472  1
315 478  1
458 478  1
370 480  1
391 480  1
96 483  1
134 484  1
356 486  1
469 486  1
166 487  1
200 489  1
302 489  1
402 489  1
75 496  1
424 496  1
119 497  1
126 501  1
267 502  1
270 502  1
78 503  1
232 511  1
432 511  1
274 517  1
5 519  1
360 519  1
215 524  1
128 525  1
286 525  1
238 528  1
222 537  1
201 538  1
125 541  1
161 541  1
233 543  1
6 544  1
73 546  1
116 546  1
430 551  1
484 551  1
53 557  1
439 558  1
306 561  1
350 568  1
281 572  1
449 572  1
71 574  1
216 575  1
468 576  1
367 577  1
578 581  1
287 582  1
393 582  1
343 583  1
522 585  1
452 594  1
51 595  1
448 595  1
398 600  1
539 600  1
583 600  1
212 603  1
24 607  1
87 608  1
211 610  1
356 610  1
24 611  1
188 611  1
277 613  1
479 618  1
235 622  1
264 623  1
302 625  1
624 625  1
259 634  1
446 634  1
187 635  1
222 635  1
297 635  1
140 637  1
256 637  1
627 637  1
58 638  1
154 640  1
420 641  1
322 643  1
618 643  1
346 647  1
507 649  1
359 650  1
39 652  1
439 653  1
202 655  1
85 657  1
160 658  1
265 664  1
92 665  1
662 665  1
596 670  1
201 671  1
297 672  1
485 673  1
158 674  1
580 676  1
241 679  1
326 681  1
241 682  1
129 683  1
121 685  1
322 688  1
490 688  1
449 689  1
273 690  1
439 690  1
87 692  1
169 692  1
436 692  1
219 693  1
267 693  1
562 694  1
507 696  1
40 699  1
391 699  1
241 701  1
580 702  1
651 702  1
399 704  1
425 705  1
557 705  1
581 706  1
404 707  1
200 708  1
168 711  1
639 711  1
584 712  1
395 713  1
664 715  1
5 717  1
718 721  1
479 723  1
500 723  1
50 724  1
104 724  1
262 724  1
317 724  1
561 726  1
580 726  1
586 726  1
36 727  1
541 727  1
262 728  1
16 732  1
719 733  1
136 735  1
527 735  1
82 738  1
419 738  1
198 739  1
489 739  1
667 739  1
123 741  1
241 742  1
215 743  1
679 743  1
117 744  1
337 744  1
603 744  1
329 746  1
627 747  1
175 748  1
147 749  1
638 749  1
30 756  1
702 757  1
76 760  1
586 761  1
691 765  1
734 766  1
223 767  1
319 768  1
456 768  1
142 771  1
437 771  1
623 771  1
329 776  1
400 778  1
180 779  1
710 779  1
291 781  1
631 781  1
766 781  1
205 782  1
557 782  1
727 782  1
626 784  1
137 786  1
443 786  1
203 790  1
375 791  1
749 791  1
480 792  1
54 793  1
483 797  1
364 798  1
558 799  1
279 800  1
531 801  1
207 802  1
305 803  1
550 803  1
527 804  1
349 807  1
434 807  1
165 808  1
653 811  1
596 812  1
609 813  1
624 814  1
182 815  1
771 816  1
236 817  1
337 818  1
303 819  1
686 824  1
455 826  1
557 826  1
540 828  1
735 830  1
142 831  1
269 832  1
691 833  1
57 834  1
431 836  1
778 836  1
428 838  1
565 840  1
351 841  1
446 841  1
607 846  1
651 847  1
786 849  1
21 850  1
545 851  1
22 852  1
651 852  1
714 852  1
717 855  1
595 858  1
442 859  1
773 859  1
199 862  1
324 863  1
424 863  1
729 864  1
8 865  1
411 865  1
212 866  1
502 866  1
430 868  1
352 869  1
732 869  1
338 870  1
478 872  1
19 873  1
111 873  1
353 875  1
805 875  1
300 878  1
808 878  1
37 883  1
109 884  1
803 884  1
192 886  1
466 886  1
604 886  1
398 887  1
750 890  1
350 891  1
627 892  1
844 892  1
369 894  1
447 895  1
177 898  1
691 898  1
883 899  1
21 901  1
159 902  1
757 902  1
387 903  1
795 903  1
456 904  1
847 905  1
153 906  1
280 906  1
516 911  1
736 911  1
630 912  1
280 913  1
661 913  1
676 914  1
498 917  1
459 918  1
806 919  1
842 919  1
492 921  1
631 921  1
703 922  1
201 923  1
214 924  1
875 924  1
233 925  1
377 925  1
440 925  1
502 925  1
570 927  1
426 928  1
144 929  1
514 930  1
7 931  1
419 931  1
585 932  1
33 933  1
212 933  1
254 935  1
278 936  1
112 937  1
502 937  1
207 938  1
820 938  1
264 939  1
9 940  1
662 940  1
230 941  1
846 942  1
703 943  1
87 944  1
256 945  1
912 947  1
246 948  1
338 948  1
407 948  1
418 948  1
424 948  1
614 949  1
141 950  1
567 950  1
180 956  1
937 956  1
50 957  1
748 958  1
249 959  1
736 959  1
765 959  1
746 960  1
648 961  1
664 961  1
921 961  1
291 963  1
517 963  1
616 963  1
260 966  1
455 966  1
531 966  1
490 967  1
897 968  1
605 969  1
907 969  1
655 971  1
86 972  1
138 973  1
658 973  1
420 974  1
456 974  1
587 981  1
881 981  1
390 982  1
943 982  1
87 983  1
420 983  1
902 983  1
274 984  1
15 985  1
28 985  1
407 985  1
445 985  1
322 989  1
823 991  1
846 991  1
152 993  1
966 993  1
658 994  1
99 996  1
558 998  1
951 998  1
339 1000  1
