%%MatrixMarket matrix coordinate real general
% Generated 04-Mar-2013
1000 1000 502
1 34  1
27 58  1
1 85  1
6 89  1
28 98  1
30 110  1
13 111  1
100 116  1
100 121  1
99 123  1
57 134  1
105 145  1
113 154  1
22 158  1
131 159  1
25 160  1
63 161  1
122 163  1
157 170  1
149 171  1
100 172  1
144 185  1
35 187  1
116 194  1
83 203  1
8 214  1
83 215  1
70 216  1
64 217  1
131 218  1
51 222  1
198 225  1
58 232  1
31 233  1
222 237  1
58 242  1
82 250  1
227 250  1
221 252  1
88 255  1
113 260  1
7 265  1
145 271  1
258 274  1
91 275  1
204 275  1
108 279  1
37 281  1
284 294  1
105 305  1
264 305  1
239 307  1
58 311  1
262 322  1
295 324  1
153 328  1
238 329  1
77 336  1
29 338  1
255 339  1
69 341  1
292 343  1
72 344  1
128 346  1
246 348  1
248 348  1
58 358  1
70 359  1
141 360  1
322 362  1
106 364  1
304 368  1
233 370  1
239 376  1
212 378  1
33 387  1
360 393  1
185 395  1
90 398  1
370 398  1
343 404  1
163 407  1
326 412  1
43 414  1
175 416  1
236 416  1
43 417  1
130 420  1
209 421  1
247 423  1
26 425  1
358 425  1
45 429  1
191 435  1
163 438  1
359 438  1
49 442  1
253 443  1
426 443  1
209 444  1
6 449  1
336 450  1
293 451  1
299 453  1
286 464  1
133 470  1
160 471  1
268 471  1
393 475  1
221 482  1
217 484  1
375 484  1
245 485  1
293 485  1
61 487  1
375 489  1
4 493  1
334 493  1
426 494  1
323 495  1
201 499  1
348 501  1
37 503  1
214 506  1
42 507  1
131 508  1
417 508  1
427 508  1
134 512  1
258 514  1
459 514  1
90 515  1
177 515  1
79 516  1
83 521  1
300 524  1
290 528  1
279 532  1
382 532  1
397 532  1
247 533  1
46 538  1
341 538  1
434 538  1
31 542  1
311 546  1
528 546  1
453 547  1
293 551  1
361 553  1
356 554  1
234 557  1
68 558  1
467 558  1
547 558  1
46 559  1
313 562  1
221 563  1
78 564  1
150 568  1
411 569  1
109 570  1
421 571  1
43 575  1
228 577  1
280 578  1
460 579  1
37 580  1
519 580  1
459 582  1
64 584  1
404 586  1
10 589  1
121 593  1
117 594  1
531 595  1
558 595  1
417 596  1
37 598  1
111 598  1
338 598  1
224 599  1
345 599  1
55 600  1
227 601  1
309 602  1
549 602  1
374 603  1
575 603  1
135 604  1
503 609  1
154 611  1
175 614  1
221 614  1
257 614  1
499 615  1
142 616  1
612 616  1
40 619  1
469 619  1
551 619  1
130 624  1
503 626  1
229 628  1
65 629  1
213 629  1
519 631  1
195 633  1
37 634  1
480 636  1
96 639  1
43 642  1
504 642  1
99 644  1
449 644  1
90 646  1
61 647  1
564 649  1
194 651  1
318 651  1
351 652  1
557 655  1
62 658  1
556 660  1
201 663  1
444 663  1
253 664  1
627 665  1
496 666  1
170 667  1
398 671  1
617 675  1
45 681  1
345 681  1
386 681  1
224 684  1
152 685  1
61 686  1
680 687  1
660 692  1
267 696  1
148 698  1
231 699  1
51 700  1
181 700  1
441 700  1
210 702  1
458 704  1
172 707  1
182 711  1
142 712  1
456 712  1
545 713  1
574 715  1
284 716  1
676 717  1
502 718  1
164 720  1
324 720  1
647 720  1
394 722  1
451 723  1
555 723  1
5 724  1
24 727  1
164 729  1
127 731  1
677 731  1
501 732  1
168 733  1
531 735  1
80 736  1
370 736  1
443 737  1
146 738  1
146 742  1
119 743  1
167 743  1
261 743  1
14 744  1
189 746  1
602 746  1
683 746  1
623 747  1
27 748  1
241 752  1
465 752  1
2 753  1
446 753  1
397 754  1
509 754  1
325 760  1
498 762  1
759 763  1
48 766  1
592 766  1
421 769  1
697 769  1
82 770  1
683 771  1
762 771  1
447 772  1
468 772  1
28 777  1
644 777  1
22 779  1
78 780  1
39 783  1
425 784  1
339 785  1
73 786  1
581 787  1
52 790  1
532 790  1
500 793  1
516 794  1
60 797  1
674 797  1
23 799  1
219 801  1
187 803  1
240 805  1
411 805  1
566 805  1
75 808  1
257 815  1
484 815  1
748 819  1
156 822  1
166 822  1
273 823  1
754 824  1
586 825  1
703 828  1
704 828  1
800 828  1
42 832  1
59 832  1
713 833  1
441 834  1
332 836  1
613 836  1
387 837  1
596 838  1
736 838  1
443 839  1
677 839  1
143 840  1
341 840  1
393 840  1
469 840  1
582 840  1
702 840  1
151 841  1
245 843  1
125 844  1
62 845  1
340 845  1
647 850  1
706 850  1
286 853  1
755 853  1
432 855  1
851 855  1
154 857  1
751 858  1
179 859  1
65 860  1
828 862  1
145 867  1
209 867  1
102 868  1
32 869  1
99 870  1
476 870  1
492 871  1
335 874  1
438 874  1
683 874  1
525 876  1
565 876  1
671 876  1
849 876  1
278 877  1
593 878  1
116 879  1
439 880  1
665 881  1
655 883  1
206 885  1
197 886  1
784 886  1
604 887  1
616 887  1
835 889  1
711 891  1
40 892  1
777 895  1
272 896  1
497 896  1
466 899  1
791 900  1
639 904  1
663 905  1
418 906  1
692 906  1
264 907  1
657 908  1
63 909  1
894 909  1
878 910  1
154 911  1
252 911  1
249 912  1
627 912  1
619 913  1
446 914  1
715 915  1
837 916  1
29 918  1
92 919  1
13 920  1
912 921  1
265 922  1
414 922  1
421 923  1
514 923  1
524 924  1
678 926  1
880 930  1
918 930  1
221 932  1
831 932  1
407 933  1
41 934  1
155 936  1
254 937  1
245 938  1
251 938  1
423 938  1
145 942  1
804 943  1
91 944  1
459 944  1
540 944  1
111 946  1
7 948  1
163 948  1
202 950  1
842 950  1
578 951  1
832 953  1
294 954  1
470 958  1
283 959  1
187 960  1
38 963  1
527 963  1
533 964  1
926 964  1
154 965  1
408 965  1
561 967  1
217 969  1
55 970  1
184 970  1
372 972  1
686 972  1
863 972  1
225 973  1
313 973  1
748 974  1
527 976  1
91 978  1
919 978  1
650 980  1
720 983  1
412 984  1
611 984  1
276 986  1
846 986  1
869 986  1
164 987  1
431 987  1
838 987  1
423 988  1
935 988  1
723 990  1
77 991  1
918 991  1
62 994  1
498 994  1
741 994  1
109 996  1
432 996  1
450 996  1
585 996  1
532 998  1
548 999  1
853 999  1
709 1000  1
873 1000  1
