%%MatrixMarket matrix coordinate real general
% Generated 04-Mar-2013
1000 1000 498
8 37  1
13 45  1
23 74  1
103 109  1
70 122  1
95 129  1
19 130  1
109 167  1
55 170  1
108 172  1
150 198  1
188 199  1
191 199  1
63 200  1
63 205  1
156 211  1
177 219  1
23 231  1
72 232  1
11 238  1
35 242  1
58 244  1
109 245  1
142 246  1
116 248  1
9 254  1
178 254  1
216 255  1
228 255  1
184 258  1
16 260  1
168 261  1
42 265  1
209 278  1
13 280  1
198 281  1
220 287  1
157 297  1
184 298  1
160 300  1
57 301  1
283 301  1
106 302  1
3 304  1
31 304  1
291 304  1
2 305  1
250 307  1
219 311  1
48 315  1
232 317  1
260 320  1
149 321  1
312 326  1
308 330  1
173 331  1
311 331  1
283 332  1
7 334  1
70 335  1
175 342  1
9 344  1
281 347  1
77 354  1
216 357  1
263 359  1
140 363  1
118 364  1
50 368  1
9 369  1
301 369  1
148 370  1
263 370  1
29 373  1
308 373  1
341 373  1
244 376  1
281 378  1
164 379  1
78 381  1
316 384  1
329 387  1
102 391  1
61 392  1
331 392  1
23 395  1
158 395  1
84 399  1
268 399  1
58 411  1
158 411  1
110 413  1
108 414  1
183 420  1
365 427  1
256 431  1
322 431  1
104 432  1
423 435  1
59 438  1
234 439  1
411 442  1
281 443  1
81 447  1
8 450  1
117 450  1
358 452  1
379 452  1
232 454  1
275 457  1
288 460  1
348 462  1
165 463  1
84 464  1
229 469  1
47 470  1
319 470  1
340 470  1
340 471  1
466 472  1
469 473  1
414 474  1
407 479  1
411 482  1
45 483  1
171 491  1
122 494  1
194 496  1
483 498  1
173 499  1
109 502  1
315 504  1
395 504  1
170 507  1
322 508  1
441 508  1
129 510  1
352 520  1
188 521  1
501 528  1
42 530  1
455 531  1
530 531  1
184 535  1
55 537  1
307 537  1
302 539  1
477 539  1
500 540  1
113 542  1
96 545  1
298 546  1
155 547  1
540 547  1
272 548  1
430 548  1
368 549  1
435 549  1
76 550  1
276 552  1
284 554  1
90 555  1
131 558  1
228 559  1
122 560  1
11 563  1
416 565  1
540 566  1
7 567  1
227 567  1
463 567  1
371 569  1
387 569  1
440 572  1
117 575  1
455 578  1
126 580  1
458 580  1
464 580  1
75 581  1
427 581  1
541 581  1
367 582  1
75 583  1
530 583  1
384 584  1
583 591  1
347 592  1
278 597  1
33 599  1
24 600  1
542 600  1
273 605  1
429 606  1
80 607  1
504 608  1
508 609  1
551 611  1
319 613  1
570 615  1
194 616  1
93 617  1
317 617  1
114 619  1
412 619  1
286 620  1
565 624  1
463 626  1
276 627  1
367 628  1
382 628  1
413 629  1
36 630  1
218 630  1
599 630  1
555 633  1
233 634  1
590 637  1
630 638  1
477 640  1
162 641  1
316 643  1
247 647  1
123 652  1
368 652  1
497 652  1
136 653  1
646 653  1
53 654  1
126 654  1
236 654  1
459 654  1
5 657  1
332 658  1
602 661  1
263 662  1
461 663  1
545 663  1
552 663  1
646 664  1
207 666  1
580 666  1
81 667  1
563 667  1
591 668  1
223 669  1
146 670  1
241 674  1
435 676  1
47 679  1
290 684  1
418 684  1
361 686  1
134 693  1
10 698  1
145 700  1
365 701  1
565 702  1
54 703  1
192 703  1
599 703  1
118 704  1
54 706  1
46 707  1
649 707  1
1 714  1
253 714  1
648 717  1
158 718  1
215 719  1
338 720  1
469 721  1
472 722  1
177 723  1
320 723  1
362 724  1
573 724  1
498 730  1
9 731  1
574 734  1
60 735  1
17 736  1
79 738  1
24 743  1
391 744  1
146 745  1
465 745  1
719 745  1
464 746  1
151 747  1
249 751  1
70 753  1
631 753  1
738 756  1
750 757  1
338 760  1
381 761  1
194 766  1
31 767  1
740 767  1
26 769  1
610 771  1
620 774  1
239 775  1
338 775  1
632 776  1
722 777  1
313 778  1
721 782  1
218 783  1
781 784  1
625 785  1
766 787  1
405 788  1
753 789  1
428 791  1
743 793  1
37 794  1
325 795  1
660 796  1
594 797  1
13 799  1
760 799  1
125 803  1
96 804  1
46 807  1
160 807  1
744 807  1
778 808  1
537 810  1
562 816  1
223 817  1
652 818  1
800 818  1
119 823  1
740 823  1
518 824  1
41 825  1
515 828  1
688 830  1
716 832  1
768 832  1
145 835  1
92 837  1
263 839  1
253 840  1
491 841  1
647 841  1
669 845  1
53 847  1
754 847  1
277 848  1
75 850  1
172 851  1
278 851  1
612 852  1
663 852  1
326 855  1
220 856  1
369 856  1
12 857  1
139 858  1
290 859  1
684 860  1
816 860  1
800 863  1
137 864  1
218 864  1
340 866  1
811 867  1
110 868  1
263 868  1
414 869  1
606 869  1
454 870  1
247 872  1
369 872  1
340 873  1
323 874  1
644 878  1
210 879  1
423 879  1
738 879  1
111 881  1
755 881  1
768 881  1
254 882  1
260 884  1
361 886  1
694 886  1
754 888  1
15 890  1
770 892  1
597 893  1
862 893  1
531 894  1
713 896  1
434 897  1
840 897  1
185 899  1
41 900  1
724 900  1
184 901  1
37 902  1
117 902  1
111 903  1
603 906  1
766 906  1
253 907  1
763 908  1
628 910  1
793 910  1
464 911  1
767 911  1
491 914  1
720 915  1
635 916  1
104 917  1
684 917  1
326 919  1
728 919  1
356 920  1
432 920  1
717 920  1
346 921  1
538 921  1
392 923  1
832 923  1
371 924  1
540 924  1
111 927  1
859 928  1
169 930  1
312 930  1
236 933  1
880 933  1
237 934  1
524 934  1
803 934  1
127 937  1
780 938  1
609 941  1
206 943  1
256 943  1
321 943  1
875 943  1
444 944  1
742 944  1
83 949  1
908 950  1
264 953  1
402 953  1
763 953  1
390 954  1
128 955  1
429 955  1
781 955  1
170 958  1
539 958  1
30 961  1
937 962  1
327 966  1
136 968  1
743 968  1
917 969  1
170 970  1
485 970  1
726 971  1
205 972  1
870 972  1
98 976  1
769 978  1
130 979  1
269 979  1
754 979  1
247 980  1
831 980  1
921 980  1
392 982  1
595 983  1
609 986  1
830 989  1
966 989  1
241 990  1
870 990  1
481 991  1
530 992  1
909 992  1
225 993  1
463 994  1
546 994  1
783 995  1
127 996  1
687 996  1
988 996  1
141 997  1
390 998  1
987 998  1
