%%MatrixMarket matrix coordinate real general
% Generated 04-Mar-2013
1000 1000 539
17 18  1
48 49  1
19 52  1
35 61  1
29 77  1
15 79  1
37 88  1
77 93  1
23 95  1
86 99  1
12 107  1
129 135  1
8 157  1
41 159  1
27 166  1
94 166  1
138 167  1
98 171  1
70 177  1
74 187  1
37 189  1
144 200  1
168 201  1
63 210  1
5 216  1
1 219  1
48 223  1
121 224  1
220 224  1
197 225  1
112 226  1
223 226  1
207 228  1
158 231  1
63 235  1
85 239  1
59 243  1
38 245  1
61 245  1
147 250  1
95 255  1
91 258  1
146 258  1
94 261  1
108 262  1
249 263  1
188 266  1
45 269  1
267 271  1
177 273  1
240 274  1
136 277  1
75 280  1
20 282  1
145 286  1
201 293  1
64 294  1
188 296  1
223 297  1
148 298  1
254 302  1
256 314  1
160 319  1
210 323  1
162 324  1
313 330  1
82 331  1
260 335  1
159 337  1
227 337  1
117 340  1
245 342  1
276 349  1
255 356  1
186 362  1
267 363  1
143 368  1
326 370  1
130 372  1
284 375  1
282 378  1
171 382  1
367 382  1
123 383  1
79 386  1
43 389  1
205 393  1
235 394  1
28 400  1
261 400  1
282 400  1
253 401  1
179 402  1
305 402  1
355 402  1
263 404  1
370 408  1
121 411  1
348 411  1
361 411  1
109 412  1
160 414  1
362 414  1
56 420  1
250 422  1
412 423  1
305 424  1
78 426  1
144 426  1
22 427  1
258 428  1
276 434  1
406 436  1
9 437  1
430 442  1
150 443  1
176 443  1
420 448  1
174 450  1
266 450  1
19 451  1
239 453  1
38 454  1
204 456  1
263 458  1
283 461  1
319 461  1
354 462  1
263 463  1
421 466  1
163 468  1
275 468  1
255 471  1
117 472  1
202 475  1
243 476  1
76 477  1
186 477  1
263 478  1
319 479  1
457 480  1
161 484  1
256 484  1
40 488  1
283 491  1
14 492  1
33 493  1
171 493  1
293 493  1
469 498  1
354 499  1
14 503  1
147 504  1
208 505  1
81 506  1
192 508  1
38 509  1
99 510  1
144 511  1
291 514  1
390 514  1
447 518  1
27 519  1
359 522  1
264 526  1
165 527  1
276 528  1
93 529  1
376 532  1
465 533  1
12 535  1
401 536  1
206 537  1
404 537  1
317 539  1
530 540  1
445 545  1
158 547  1
191 547  1
137 548  1
149 548  1
343 549  1
488 551  1
491 552  1
212 553  1
196 554  1
324 554  1
286 555  1
510 558  1
427 564  1
171 565  1
452 565  1
310 566  1
558 567  1
289 569  1
197 570  1
461 570  1
548 571  1
562 575  1
340 578  1
236 580  1
385 583  1
214 587  1
72 589  1
373 590  1
459 594  1
82 595  1
318 597  1
108 598  1
266 599  1
298 599  1
428 599  1
34 605  1
434 607  1
342 609  1
394 610  1
480 611  1
74 612  1
105 612  1
117 612  1
147 615  1
273 615  1
272 616  1
381 616  1
560 618  1
22 619  1
302 621  1
331 622  1
83 623  1
371 623  1
438 624  1
174 629  1
96 630  1
209 632  1
597 633  1
478 634  1
506 634  1
256 635  1
398 636  1
136 637  1
544 637  1
160 638  1
188 638  1
481 638  1
127 639  1
68 640  1
595 642  1
76 643  1
396 646  1
622 647  1
576 648  1
104 650  1
73 655  1
217 658  1
460 659  1
396 660  1
523 660  1
227 661  1
341 661  1
103 662  1
604 667  1
208 670  1
306 670  1
441 671  1
569 671  1
612 672  1
18 673  1
84 674  1
447 674  1
204 675  1
664 678  1
154 680  1
193 680  1
249 680  1
500 682  1
503 684  1
113 686  1
588 687  1
595 687  1
221 688  1
600 690  1
155 693  1
284 693  1
549 693  1
131 695  1
460 695  1
633 696  1
140 697  1
155 697  1
419 701  1
6 702  1
272 702  1
644 704  1
172 705  1
676 705  1
471 707  1
486 707  1
67 709  1
125 710  1
557 710  1
527 711  1
389 714  1
70 716  1
359 719  1
291 724  1
29 726  1
615 726  1
439 727  1
480 728  1
583 728  1
719 731  1
606 732  1
263 736  1
667 739  1
565 740  1
646 740  1
394 741  1
229 742  1
149 743  1
144 744  1
371 744  1
87 745  1
595 745  1
208 748  1
695 749  1
228 750  1
493 750  1
367 754  1
681 754  1
400 755  1
178 758  1
659 759  1
623 760  1
591 764  1
547 766  1
461 768  1
254 769  1
17 770  1
183 770  1
742 770  1
242 775  1
394 776  1
518 776  1
478 778  1
221 781  1
350 781  1
457 781  1
330 787  1
230 788  1
307 788  1
269 789  1
335 791  1
425 791  1
530 791  1
730 791  1
684 792  1
587 793  1
180 795  1
266 795  1
276 796  1
564 796  1
306 797  1
307 797  1
62 798  1
128 799  1
324 800  1
364 800  1
650 800  1
436 802  1
697 802  1
14 805  1
642 805  1
665 806  1
514 807  1
683 807  1
668 808  1
308 809  1
614 816  1
446 817  1
300 818  1
189 819  1
218 820  1
582 821  1
58 822  1
558 822  1
504 823  1
775 826  1
153 827  1
13 828  1
168 828  1
601 830  1
93 831  1
611 831  1
802 832  1
325 833  1
715 840  1
682 842  1
278 843  1
473 846  1
737 846  1
756 846  1
416 848  1
61 849  1
133 850  1
701 850  1
561 851  1
277 852  1
740 852  1
657 858  1
438 859  1
809 860  1
205 864  1
43 865  1
391 865  1
850 866  1
785 867  1
448 868  1
204 869  1
365 870  1
665 871  1
790 872  1
196 873  1
732 874  1
645 875  1
862 877  1
191 878  1
197 878  1
326 878  1
627 880  1
23 883  1
371 883  1
718 883  1
31 884  1
762 886  1
794 887  1
674 889  1
130 890  1
829 890  1
757 892  1
575 894  1
658 899  1
543 901  1
571 901  1
786 901  1
154 902  1
4 903  1
32 903  1
598 903  1
815 903  1
73 905  1
309 908  1
403 908  1
720 909  1
199 910  1
555 910  1
598 911  1
501 912  1
643 912  1
257 915  1
620 916  1
458 917  1
216 922  1
318 923  1
352 923  1
790 925  1
850 925  1
181 926  1
591 926  1
323 927  1
702 928  1
410 929  1
763 930  1
160 933  1
318 934  1
899 934  1
120 936  1
603 936  1
792 936  1
581 940  1
480 943  1
866 944  1
504 950  1
848 950  1
11 951  1
330 952  1
591 954  1
211 957  1
260 957  1
473 960  1
216 961  1
387 962  1
595 965  1
390 966  1
246 967  1
395 967  1
119 968  1
324 968  1
453 968  1
849 969  1
443 970  1
453 970  1
551 970  1
424 971  1
568 971  1
270 977  1
572 977  1
591 977  1
38 978  1
365 978  1
777 978  1
401 979  1
675 979  1
12 980  1
158 981  1
191 981  1
503 983  1
606 983  1
856 983  1
879 983  1
120 984  1
99 985  1
849 985  1
298 986  1
738 986  1
798 988  1
798 989  1
814 989  1
95 990  1
706 991  1
161 992  1
384 992  1
417 993  1
522 993  1
559 993  1
550 995  1
705 995  1
905 995  1
117 996  1
47 998  1
