%%MatrixMarket matrix coordinate real general
% Generated 04-Mar-2013
1000 1000 527
9 23  1
14 25  1
12 47  1
43 71  1
64 84  1
52 88  1
4 106  1
98 110  1
66 116  1
92 120  1
110 121  1
108 122  1
121 130  1
101 132  1
24 133  1
28 139  1
80 149  1
85 151  1
155 171  1
28 172  1
39 175  1
33 177  1
35 196  1
7 198  1
170 210  1
135 213  1
200 216  1
150 227  1
64 230  1
69 231  1
157 234  1
42 239  1
28 249  1
56 251  1
116 260  1
256 260  1
58 270  1
65 273  1
42 274  1
4 280  1
217 283  1
230 285  1
42 287  1
98 288  1
138 290  1
189 294  1
89 297  1
106 300  1
67 302  1
37 313  1
114 313  1
209 313  1
66 315  1
93 318  1
34 320  1
36 323  1
56 323  1
270 323  1
317 328  1
179 331  1
35 332  1
47 334  1
72 337  1
155 345  1
334 350  1
36 354  1
252 357  1
278 367  1
143 368  1
148 368  1
130 370  1
317 370  1
194 371  1
190 376  1
124 378  1
150 380  1
88 384  1
162 385  1
188 392  1
337 397  1
158 398  1
228 401  1
221 402  1
157 404  1
64 406  1
65 406  1
404 406  1
353 409  1
158 411  1
224 412  1
268 420  1
227 422  1
59 424  1
238 424  1
311 424  1
261 426  1
41 429  1
394 432  1
61 435  1
177 436  1
146 439  1
331 439  1
177 442  1
434 442  1
309 447  1
161 450  1
301 453  1
57 455  1
185 457  1
349 458  1
145 461  1
255 461  1
374 461  1
375 463  1
181 465  1
209 467  1
425 469  1
459 469  1
434 470  1
427 473  1
163 474  1
249 474  1
407 475  1
387 476  1
444 476  1
211 479  1
368 482  1
87 486  1
473 486  1
137 492  1
88 496  1
351 496  1
79 501  1
348 501  1
232 505  1
142 507  1
285 509  1
499 509  1
141 510  1
133 511  1
449 511  1
133 515  1
346 517  1
504 518  1
110 520  1
131 520  1
168 520  1
338 521  1
12 524  1
157 526  1
3 529  1
194 531  1
271 531  1
401 532  1
196 533  1
71 534  1
425 537  1
486 537  1
124 539  1
16 540  1
372 543  1
234 544  1
428 548  1
165 551  1
278 551  1
58 554  1
24 555  1
266 555  1
4 556  1
271 557  1
353 557  1
39 559  1
61 559  1
107 560  1
455 561  1
545 561  1
334 562  1
468 562  1
332 563  1
114 564  1
146 567  1
277 567  1
7 568  1
49 568  1
447 569  1
470 569  1
196 571  1
112 577  1
443 577  1
214 578  1
532 579  1
564 579  1
347 583  1
472 584  1
55 587  1
94 587  1
128 589  1
133 589  1
514 589  1
407 590  1
24 591  1
39 592  1
243 593  1
501 593  1
258 594  1
284 594  1
540 599  1
334 607  1
591 607  1
404 610  1
549 612  1
164 615  1
28 617  1
502 619  1
515 619  1
419 620  1
388 624  1
400 624  1
243 626  1
369 628  1
471 629  1
493 629  1
123 633  1
159 633  1
295 634  1
33 635  1
264 637  1
198 638  1
152 639  1
405 641  1
543 643  1
292 647  1
53 648  1
196 648  1
468 652  1
638 652  1
211 653  1
421 653  1
120 655  1
394 655  1
649 659  1
529 660  1
403 661  1
125 662  1
247 668  1
377 668  1
120 670  1
339 671  1
293 673  1
585 674  1
606 676  1
610 677  1
518 679  1
17 680  1
302 681  1
523 681  1
597 682  1
664 682  1
654 683  1
145 687  1
503 689  1
146 692  1
628 693  1
463 697  1
101 698  1
413 699  1
616 701  1
210 702  1
493 702  1
579 704  1
637 704  1
274 706  1
303 706  1
603 707  1
134 710  1
619 710  1
64 711  1
215 711  1
358 711  1
516 711  1
574 711  1
140 713  1
34 716  1
232 717  1
196 718  1
674 720  1
408 724  1
625 726  1
100 727  1
461 727  1
709 728  1
694 732  1
256 733  1
257 735  1
497 735  1
144 736  1
257 742  1
404 742  1
687 745  1
34 746  1
30 748  1
321 752  1
493 752  1
79 753  1
80 756  1
649 760  1
628 761  1
625 762  1
61 766  1
87 766  1
18 767  1
380 768  1
640 769  1
516 771  1
309 772  1
707 772  1
713 773  1
210 774  1
731 774  1
356 777  1
81 782  1
677 782  1
64 785  1
626 785  1
36 787  1
540 788  1
130 789  1
118 790  1
121 790  1
190 790  1
747 791  1
782 791  1
176 792  1
659 795  1
328 800  1
361 801  1
793 802  1
54 803  1
269 803  1
269 804  1
413 804  1
230 807  1
331 807  1
688 807  1
784 807  1
277 809  1
113 812  1
155 813  1
475 813  1
706 814  1
733 814  1
326 818  1
64 819  1
133 822  1
143 824  1
204 826  1
609 827  1
662 832  1
743 833  1
89 834  1
622 834  1
493 835  1
5 837  1
293 837  1
348 838  1
495 838  1
732 838  1
75 839  1
25 840  1
52 841  1
732 841  1
627 842  1
723 843  1
228 844  1
265 844  1
267 845  1
18 847  1
348 847  1
763 849  1
835 853  1
669 854  1
5 855  1
753 855  1
762 856  1
775 856  1
430 857  1
529 857  1
545 857  1
705 857  1
825 857  1
106 860  1
374 863  1
855 863  1
472 866  1
277 867  1
362 867  1
623 867  1
210 868  1
266 870  1
713 870  1
62 871  1
205 871  1
196 874  1
350 875  1
414 875  1
446 875  1
837 876  1
400 877  1
775 877  1
230 878  1
256 881  1
149 882  1
253 883  1
877 883  1
712 885  1
197 886  1
26 888  1
801 888  1
683 889  1
610 890  1
746 890  1
231 891  1
316 892  1
4 893  1
791 894  1
34 895  1
298 895  1
356 896  1
741 896  1
254 898  1
228 900  1
279 901  1
700 901  1
149 902  1
624 903  1
396 905  1
549 905  1
308 907  1
425 908  1
505 909  1
755 909  1
269 910  1
272 910  1
802 911  1
300 913  1
678 914  1
610 915  1
775 915  1
18 917  1
293 917  1
507 918  1
783 918  1
351 919  1
275 920  1
460 920  1
205 926  1
656 926  1
808 926  1
82 928  1
448 930  1
649 930  1
147 931  1
644 932  1
452 933  1
105 934  1
405 934  1
335 939  1
528 941  1
544 941  1
81 943  1
658 943  1
898 944  1
138 945  1
817 947  1
888 947  1
592 948  1
923 948  1
495 949  1
661 949  1
743 950  1
768 951  1
296 952  1
558 952  1
761 953  1
801 953  1
132 954  1
356 954  1
288 957  1
559 957  1
662 957  1
380 958  1
444 961  1
457 963  1
568 967  1
175 968  1
289 969  1
696 969  1
837 969  1
411 970  1
849 971  1
376 973  1
215 975  1
739 975  1
371 976  1
419 979  1
888 979  1
529 980  1
972 981  1
517 983  1
393 984  1
216 985  1
837 986  1
645 987  1
581 988  1
592 988  1
79 989  1
666 989  1
924 990  1
111 991  1
954 993  1
555 995  1
76 997  1
913 998  1
800 999  1
146 1000  1
549 1000  1
929 1000  1
