%%MatrixMarket matrix coordinate real general
% Generated 04-Mar-2013
1000 1000 529
26 31  1
25 49  1
19 58  1
5 63  1
43 81  1
34 89  1
44 100  1
80 115  1
16 116  1
94 117  1
71 121  1
14 128  1
89 130  1
94 131  1
124 153  1
154 155  1
154 157  1
151 163  1
157 172  1
95 181  1
145 183  1
134 184  1
174 185  1
103 196  1
56 198  1
82 198  1
154 199  1
90 206  1
86 211  1
125 211  1
71 214  1
151 215  1
70 222  1
116 225  1
151 232  1
20 235  1
230 243  1
156 245  1
240 250  1
29 251  1
150 253  1
15 254  1
142 255  1
228 255  1
108 257  1
54 263  1
113 263  1
237 270  1
175 271  1
230 271  1
91 273  1
156 275  1
208 285  1
4 287  1
162 287  1
116 288  1
57 289  1
84 291  1
194 291  1
98 292  1
111 300  1
173 305  1
121 306  1
125 307  1
251 308  1
155 310  1
224 316  1
197 317  1
258 320  1
278 322  1
298 323  1
156 329  1
125 334  1
16 336  1
155 338  1
289 343  1
264 344  1
108 345  1
51 348  1
302 349  1
172 350  1
234 355  1
30 356  1
214 357  1
172 358  1
255 359  1
269 359  1
285 362  1
255 366  1
200 368  1
231 368  1
70 369  1
266 371  1
65 372  1
200 376  1
126 382  1
321 387  1
301 388  1
119 389  1
75 391  1
391 394  1
116 395  1
302 407  1
312 409  1
215 415  1
5 416  1
207 417  1
60 422  1
67 422  1
337 422  1
301 425  1
214 426  1
147 428  1
222 428  1
219 431  1
364 435  1
177 438  1
422 439  1
164 442  1
213 442  1
76 443  1
363 447  1
32 449  1
137 450  1
171 453  1
318 455  1
331 456  1
278 457  1
446 460  1
304 462  1
201 465  1
65 467  1
394 472  1
232 473  1
22 478  1
416 478  1
110 479  1
137 479  1
70 486  1
10 490  1
333 491  1
315 494  1
379 494  1
41 496  1
388 497  1
177 498  1
297 501  1
333 501  1
362 505  1
385 505  1
434 505  1
482 505  1
42 511  1
55 514  1
292 516  1
376 516  1
101 517  1
121 517  1
178 517  1
334 517  1
414 520  1
189 523  1
87 525  1
488 525  1
240 528  1
48 534  1
371 535  1
501 537  1
379 538  1
221 542  1
204 546  1
246 548  1
214 552  1
456 553  1
423 555  1
448 555  1
141 557  1
409 558  1
114 560  1
93 562  1
546 568  1
131 576  1
428 578  1
516 579  1
79 583  1
209 590  1
514 592  1
365 593  1
509 593  1
166 595  1
165 597  1
584 598  1
351 600  1
119 601  1
590 603  1
124 604  1
138 607  1
82 608  1
533 608  1
241 612  1
384 612  1
607 612  1
464 613  1
362 615  1
64 616  1
144 619  1
376 619  1
16 622  1
355 622  1
3 624  1
396 624  1
404 625  1
164 626  1
363 629  1
483 629  1
520 629  1
402 630  1
594 631  1
274 635  1
65 640  1
248 640  1
4 641  1
300 645  1
596 648  1
351 651  1
412 652  1
116 653  1
542 653  1
4 655  1
173 657  1
652 657  1
363 660  1
421 660  1
157 661  1
280 662  1
626 663  1
506 664  1
244 665  1
503 665  1
440 668  1
112 669  1
242 670  1
533 671  1
241 672  1
185 674  1
628 674  1
104 676  1
472 676  1
225 680  1
359 680  1
581 680  1
34 681  1
301 681  1
131 684  1
208 688  1
400 688  1
634 688  1
678 688  1
232 689  1
71 691  1
358 693  1
195 696  1
200 696  1
138 697  1
652 697  1
54 699  1
690 700  1
144 701  1
27 703  1
646 703  1
210 706  1
344 707  1
444 711  1
469 713  1
175 716  1
96 718  1
15 719  1
641 719  1
671 719  1
650 721  1
358 722  1
369 722  1
187 726  1
318 726  1
418 726  1
580 728  1
44 731  1
14 735  1
534 736  1
16 740  1
618 742  1
407 753  1
15 754  1
425 755  1
196 756  1
196 759  1
449 759  1
23 761  1
529 764  1
754 765  1
756 765  1
70 766  1
188 769  1
683 770  1
574 775  1
707 779  1
74 781  1
449 781  1
142 782  1
183 782  1
695 782  1
52 784  1
666 785  1
372 786  1
339 788  1
345 788  1
138 789  1
213 789  1
729 790  1
167 791  1
86 794  1
75 795  1
312 797  1
48 799  1
435 799  1
585 800  1
292 801  1
201 802  1
671 802  1
86 803  1
566 803  1
5 804  1
658 807  1
688 808  1
244 809  1
457 809  1
395 810  1
548 810  1
749 810  1
457 814  1
593 815  1
103 819  1
161 820  1
570 820  1
681 820  1
451 821  1
692 821  1
183 822  1
510 822  1
547 825  1
30 827  1
144 827  1
485 827  1
109 828  1
356 829  1
535 829  1
228 830  1
653 830  1
71 831  1
731 833  1
833 839  1
127 841  1
40 843  1
116 844  1
824 844  1
701 846  1
307 850  1
719 850  1
823 852  1
211 854  1
837 854  1
494 855  1
291 856  1
491 856  1
752 859  1
114 860  1
482 865  1
13 866  1
327 868  1
518 868  1
848 868  1
858 868  1
689 869  1
234 873  1
800 874  1
494 875  1
607 876  1
632 876  1
276 877  1
356 878  1
281 879  1
409 879  1
691 879  1
87 881  1
295 881  1
710 882  1
555 883  1
589 883  1
430 884  1
590 886  1
237 887  1
599 887  1
101 888  1
778 888  1
700 889  1
640 890  1
590 891  1
524 892  1
680 893  1
823 893  1
504 895  1
540 895  1
849 895  1
387 897  1
849 897  1
305 898  1
162 899  1
25 900  1
350 900  1
647 902  1
532 903  1
585 907  1
684 907  1
863 908  1
60 909  1
614 910  1
108 911  1
389 911  1
472 911  1
35 912  1
305 912  1
763 912  1
341 914  1
528 914  1
554 915  1
318 916  1
515 916  1
307 917  1
737 918  1
92 919  1
705 919  1
180 920  1
528 920  1
729 920  1
866 920  1
274 921  1
424 922  1
795 922  1
841 922  1
94 923  1
742 924  1
739 926  1
811 926  1
241 930  1
191 932  1
625 933  1
230 935  1
344 935  1
928 936  1
580 937  1
799 937  1
801 937  1
837 938  1
377 939  1
553 940  1
655 940  1
26 941  1
56 942  1
831 942  1
629 943  1
742 944  1
790 947  1
547 950  1
907 950  1
477 951  1
887 952  1
107 954  1
209 955  1
461 955  1
449 956  1
875 956  1
388 957  1
226 958  1
517 958  1
627 958  1
266 959  1
532 961  1
909 961  1
636 964  1
406 965  1
902 965  1
256 966  1
635 967  1
847 967  1
844 968  1
265 969  1
342 969  1
924 970  1
329 971  1
353 972  1
469 972  1
284 973  1
378 973  1
814 973  1
139 974  1
257 974  1
767 974  1
280 975  1
714 977  1
402 979  1
522 983  1
549 983  1
240 984  1
103 985  1
682 987  1
135 989  1
547 989  1
187 991  1
202 991  1
331 991  1
480 991  1
659 992  1
233 993  1
77 994  1
547 995  1
295 998  1
548 998  1
165 999  1
346 1000  1
