%%MatrixMarket matrix coordinate real general
% Generated 04-Mar-2013
1000 1000 512
3 21  1
24 25  1
15 35  1
5 57  1
63 74  1
48 87  1
42 120  1
27 124  1
130 132  1
126 133  1
43 136  1
143 147  1
6 150  1
7 150  1
14 165  1
157 171  1
30 174  1
32 179  1
112 197  1
4 202  1
19 206  1
196 208  1
203 216  1
74 218  1
11 222  1
62 222  1
95 223  1
72 227  1
124 228  1
94 230  1
59 238  1
154 240  1
84 244  1
28 245  1
131 248  1
206 250  1
55 251  1
175 265  1
181 266  1
222 266  1
258 271  1
11 280  1
40 281  1
152 289  1
184 292  1
85 293  1
211 294  1
47 295  1
186 297  1
218 303  1
263 304  1
144 320  1
248 321  1
290 323  1
171 331  1
293 335  1
2 336  1
276 336  1
332 337  1
310 338  1
29 340  1
84 342  1
1 349  1
20 350  1
261 350  1
49 357  1
166 357  1
25 359  1
191 362  1
34 364  1
346 371  1
17 373  1
286 374  1
88 375  1
285 375  1
48 379  1
311 379  1
202 383  1
45 386  1
77 386  1
102 388  1
123 388  1
232 388  1
75 392  1
47 395  1
242 396  1
26 397  1
54 404  1
302 410  1
408 410  1
352 412  1
13 416  1
72 416  1
374 416  1
211 418  1
9 421  1
160 423  1
210 423  1
127 424  1
348 425  1
18 426  1
355 426  1
278 428  1
167 432  1
281 433  1
183 437  1
262 437  1
371 437  1
324 440  1
223 444  1
91 447  1
252 447  1
85 450  1
31 451  1
53 451  1
251 452  1
280 452  1
425 452  1
34 453  1
443 454  1
360 457  1
62 458  1
86 458  1
261 458  1
406 458  1
363 461  1
364 464  1
12 467  1
182 469  1
296 469  1
303 470  1
332 470  1
399 472  1
393 473  1
328 477  1
399 486  1
401 489  1
81 491  1
435 491  1
246 496  1
355 502  1
300 504  1
456 511  1
380 512  1
259 513  1
116 514  1
510 518  1
276 522  1
442 523  1
69 527  1
447 528  1
458 530  1
525 531  1
117 532  1
425 533  1
145 534  1
155 534  1
325 536  1
205 538  1
488 541  1
143 543  1
490 543  1
536 548  1
428 549  1
371 556  1
278 557  1
484 561  1
104 564  1
129 565  1
310 565  1
325 567  1
5 568  1
4 570  1
489 571  1
513 571  1
255 572  1
345 573  1
138 576  1
6 578  1
349 579  1
72 581  1
541 588  1
8 593  1
443 594  1
577 597  1
444 598  1
244 600  1
282 600  1
566 600  1
29 602  1
395 604  1
514 606  1
378 608  1
194 609  1
185 610  1
233 610  1
600 612  1
136 613  1
603 613  1
145 615  1
298 616  1
490 617  1
183 618  1
600 619  1
190 622  1
198 622  1
226 623  1
517 623  1
140 624  1
353 626  1
400 627  1
124 628  1
128 629  1
356 635  1
535 635  1
129 638  1
353 638  1
625 638  1
206 639  1
326 641  1
125 645  1
45 646  1
637 651  1
49 653  1
423 653  1
115 656  1
454 657  1
380 659  1
323 664  1
478 664  1
656 664  1
7 667  1
285 667  1
651 667  1
587 669  1
455 671  1
520 672  1
78 673  1
301 673  1
267 675  1
8 676  1
248 676  1
174 677  1
424 677  1
389 681  1
385 684  1
593 684  1
631 684  1
220 689  1
530 692  1
269 693  1
663 695  1
694 696  1
290 697  1
371 698  1
266 703  1
455 703  1
318 704  1
612 704  1
672 707  1
12 708  1
574 713  1
473 719  1
214 725  1
522 728  1
244 730  1
230 732  1
653 732  1
347 733  1
589 733  1
1 736  1
156 736  1
489 736  1
638 736  1
638 739  1
600 745  1
458 746  1
278 747  1
577 747  1
460 749  1
86 750  1
564 751  1
628 751  1
554 755  1
192 756  1
336 759  1
749 759  1
665 760  1
365 761  1
671 764  1
308 767  1
604 769  1
719 769  1
754 772  1
96 773  1
341 773  1
591 774  1
76 775  1
724 775  1
299 776  1
722 778  1
270 779  1
403 781  1
209 782  1
289 782  1
533 782  1
616 782  1
236 783  1
29 784  1
44 785  1
437 785  1
44 790  1
119 792  1
192 795  1
111 798  1
219 800  1
523 800  1
795 802  1
315 805  1
506 805  1
515 805  1
164 806  1
472 806  1
559 806  1
424 807  1
519 808  1
801 809  1
244 811  1
380 812  1
651 812  1
550 813  1
630 813  1
416 814  1
535 814  1
801 814  1
82 817  1
150 820  1
302 821  1
314 821  1
462 821  1
471 824  1
777 825  1
37 826  1
318 826  1
586 826  1
258 828  1
775 828  1
802 828  1
294 830  1
649 830  1
828 831  1
297 833  1
352 833  1
257 834  1
617 834  1
626 834  1
116 835  1
817 835  1
280 836  1
358 837  1
49 839  1
665 839  1
82 840  1
116 840  1
660 840  1
343 841  1
507 842  1
829 842  1
387 844  1
817 844  1
330 846  1
786 846  1
529 849  1
269 850  1
293 850  1
62 853  1
1 856  1
755 856  1
446 857  1
751 857  1
738 860  1
543 861  1
796 865  1
667 866  1
238 868  1
498 870  1
169 871  1
275 871  1
705 871  1
716 871  1
194 874  1
163 875  1
538 877  1
792 877  1
650 878  1
79 879  1
572 879  1
837 879  1
747 880  1
396 883  1
395 884  1
82 886  1
562 886  1
642 888  1
508 890  1
768 890  1
166 891  1
240 892  1
10 894  1
346 894  1
166 895  1
814 896  1
484 897  1
783 898  1
638 899  1
379 901  1
692 902  1
107 903  1
458 904  1
122 905  1
227 907  1
164 910  1
649 910  1
668 910  1
715 911  1
772 914  1
212 915  1
255 915  1
38 916  1
613 917  1
198 919  1
676 920  1
528 921  1
357 922  1
128 923  1
553 923  1
656 923  1
619 924  1
135 925  1
384 926  1
341 927  1
29 929  1
177 929  1
76 930  1
342 930  1
438 930  1
833 930  1
36 931  1
41 931  1
654 931  1
719 932  1
884 933  1
73 935  1
202 936  1
491 937  1
825 940  1
67 946  1
158 946  1
85 947  1
249 949  1
300 949  1
925 949  1
716 950  1
252 951  1
520 951  1
734 953  1
432 954  1
66 956  1
71 957  1
139 960  1
935 960  1
15 961  1
224 961  1
374 963  1
638 963  1
884 963  1
234 968  1
654 968  1
913 968  1
1 971  1
882 973  1
740 974  1
746 974  1
111 976  1
341 976  1
307 977  1
943 977  1
961 978  1
108 980  1
135 981  1
859 984  1
167 985  1
390 985  1
707 985  1
814 985  1
770 988  1
556 989  1
636 989  1
357 991  1
843 991  1
58 992  1
240 992  1
78 994  1
760 994  1
823 994  1
679 996  1
45 998  1
538 998  1
236 999  1
932 999  1
89 1000  1
307 1000  1
