%%MatrixMarket matrix coordinate real general
% Generated 04-Mar-2013
1000 1000 500
18 54  1
16 68  1
59 94  1
75 116  1
48 126  1
107 135  1
122 157  1
37 171  1
151 178  1
30 180  1
91 183  1
28 185  1
81 190  1
102 190  1
33 195  1
74 211  1
32 212  1
127 214  1
122 222  1
110 229  1
89 236  1
127 238  1
81 246  1
64 247  1
124 247  1
198 255  1
162 256  1
218 256  1
5 262  1
192 264  1
207 265  1
210 265  1
131 270  1
85 273  1
57 280  1
182 287  1
59 292  1
35 293  1
194 295  1
212 296  1
68 298  1
258 298  1
20 300  1
105 303  1
185 313  1
138 316  1
262 318  1
104 320  1
105 321  1
141 326  1
320 326  1
184 327  1
213 327  1
178 328  1
220 330  1
230 330  1
139 331  1
229 332  1
236 334  1
74 335  1
140 337  1
244 337  1
339 345  1
222 346  1
141 347  1
60 350  1
81 351  1
336 351  1
317 356  1
338 357  1
180 363  1
251 363  1
250 368  1
172 369  1
103 370  1
61 376  1
294 380  1
317 380  1
138 384  1
335 387  1
201 390  1
208 392  1
56 394  1
251 394  1
384 394  1
88 396  1
88 398  1
143 399  1
234 399  1
325 400  1
141 401  1
259 402  1
34 409  1
130 419  1
360 421  1
346 422  1
387 430  1
240 431  1
60 434  1
18 436  1
35 437  1
122 437  1
253 438  1
434 439  1
412 449  1
344 453  1
288 454  1
313 458  1
267 461  1
443 462  1
199 464  1
113 466  1
361 469  1
229 472  1
402 472  1
446 473  1
234 474  1
463 476  1
471 477  1
155 481  1
455 483  1
75 484  1
362 484  1
88 491  1
451 501  1
291 504  1
171 507  1
310 508  1
369 508  1
494 508  1
308 512  1
42 514  1
86 518  1
158 519  1
318 519  1
342 525  1
421 525  1
497 525  1
408 528  1
147 529  1
498 531  1
514 531  1
166 534  1
508 536  1
210 537  1
460 538  1
398 539  1
85 540  1
427 546  1
439 550  1
506 550  1
80 551  1
372 551  1
342 553  1
490 555  1
183 556  1
252 558  1
68 564  1
89 566  1
262 573  1
251 576  1
8 577  1
352 584  1
413 584  1
208 585  1
375 586  1
573 589  1
419 592  1
212 594  1
204 595  1
419 595  1
77 599  1
167 599  1
557 600  1
93 603  1
266 604  1
360 605  1
187 608  1
470 608  1
160 610  1
486 611  1
189 614  1
268 615  1
293 616  1
105 620  1
374 623  1
306 624  1
170 625  1
223 627  1
141 630  1
541 630  1
618 630  1
85 633  1
292 634  1
56 635  1
433 639  1
400 640  1
256 641  1
353 646  1
524 647  1
49 650  1
190 650  1
65 651  1
38 655  1
57 655  1
586 655  1
320 657  1
488 658  1
283 660  1
416 660  1
625 660  1
638 660  1
129 661  1
299 661  1
55 662  1
638 668  1
2 671  1
223 671  1
56 672  1
283 675  1
497 675  1
422 681  1
471 682  1
620 682  1
367 687  1
623 687  1
140 688  1
30 691  1
428 694  1
264 696  1
550 696  1
694 706  1
341 708  1
98 709  1
434 711  1
49 716  1
418 716  1
616 717  1
381 718  1
465 720  1
274 721  1
695 722  1
467 729  1
246 731  1
465 731  1
28 734  1
536 737  1
56 739  1
162 740  1
524 740  1
604 740  1
659 742  1
179 743  1
257 748  1
30 749  1
228 751  1
716 752  1
28 753  1
688 754  1
286 755  1
524 757  1
571 758  1
336 759  1
284 761  1
120 762  1
485 762  1
279 763  1
139 766  1
285 766  1
419 768  1
665 768  1
733 768  1
258 769  1
761 769  1
337 770  1
343 770  1
216 771  1
52 772  1
301 774  1
226 776  1
221 778  1
286 778  1
387 781  1
495 781  1
503 784  1
93 790  1
330 790  1
475 791  1
513 794  1
561 794  1
199 795  1
285 798  1
508 798  1
199 802  1
291 802  1
670 802  1
721 802  1
284 803  1
296 803  1
319 805  1
184 806  1
669 806  1
631 807  1
308 809  1
240 810  1
583 810  1
652 810  1
409 811  1
392 812  1
380 813  1
84 814  1
45 816  1
491 816  1
658 816  1
313 817  1
29 818  1
679 818  1
296 819  1
667 819  1
228 820  1
583 820  1
678 821  1
238 823  1
215 824  1
139 825  1
675 825  1
669 827  1
580 828  1
397 830  1
756 831  1
102 832  1
605 832  1
804 833  1
415 834  1
655 834  1
692 835  1
151 836  1
417 836  1
119 840  1
29 846  1
392 847  1
509 847  1
800 847  1
292 848  1
412 848  1
627 848  1
68 850  1
137 850  1
827 850  1
287 851  1
542 851  1
180 852  1
509 852  1
780 855  1
632 857  1
33 858  1
265 858  1
774 858  1
782 858  1
315 861  1
320 861  1
537 861  1
281 863  1
167 865  1
688 865  1
698 865  1
290 866  1
633 868  1
307 869  1
52 871  1
571 871  1
702 871  1
172 873  1
770 874  1
481 876  1
513 876  1
153 878  1
535 878  1
555 879  1
97 880  1
602 881  1
220 882  1
459 883  1
184 885  1
740 886  1
265 887  1
384 889  1
532 889  1
672 889  1
25 890  1
86 892  1
411 894  1
697 894  1
719 898  1
465 899  1
704 899  1
81 902  1
167 903  1
494 903  1
271 904  1
166 905  1
121 906  1
197 906  1
232 910  1
515 910  1
298 911  1
195 913  1
306 913  1
79 915  1
179 915  1
395 915  1
257 916  1
694 916  1
717 916  1
548 918  1
427 919  1
487 920  1
738 920  1
134 922  1
607 923  1
858 924  1
539 925  1
863 925  1
892 925  1
449 928  1
377 929  1
110 931  1
490 935  1
164 936  1
482 936  1
263 938  1
795 938  1
30 940  1
100 940  1
448 940  1
795 940  1
855 940  1
195 941  1
466 941  1
22 942  1
67 943  1
257 943  1
215 945  1
364 946  1
407 946  1
805 947  1
13 949  1
400 951  1
130 953  1
337 954  1
457 954  1
87 956  1
640 959  1
838 959  1
220 961  1
247 962  1
458 962  1
157 963  1
314 963  1
690 965  1
345 966  1
637 966  1
525 967  1
108 969  1
318 969  1
689 969  1
569 970  1
604 970  1
750 970  1
47 971  1
736 972  1
163 973  1
517 974  1
696 974  1
860 975  1
824 976  1
828 976  1
247 979  1
527 980  1
618 981  1
495 982  1
656 982  1
683 982  1
174 983  1
131 985  1
760 985  1
850 988  1
72 989  1
805 990  1
381 992  1
35 993  1
390 993  1
655 994  1
930 994  1
147 995  1
245 996  1
259 997  1
41 999  1
73 999  1
738 999  1
