%%MatrixMarket matrix coordinate real general
% Generated 15-Mar-2013
200 200 92
6 22  1
12 26  1
10 48  1
34 48  1
33 50  1
38 50  1
26 69  1
50 72  1
64 73  1
41 78  1
66 82  1
4 91  1
90 91  1
77 96  1
64 97  1
91 97  1
66 100  1
2 102  1
95 104  1
18 106  1
65 107  1
75 111  1
60 113  1
34 115  1
59 116  1
92 117  1
20 120  1
34 121  1
12 123  1
104 123  1
115 126  1
25 127  1
45 132  1
16 133  1
9 135  1
103 138  1
68 139  1
80 140  1
118 140  1
86 141  1
17 146  1
97 146  1
10 147  1
17 148  1
59 148  1
55 153  1
149 153  1
50 156  1
106 157  1
1 160  1
74 161  1
154 161  1
96 163  1
11 164  1
74 165  1
138 165  1
6 169  1
41 171  1
127 174  1
35 175  1
37 175  1
79 176  1
77 177  1
126 177  1
20 178  1
135 178  1
62 179  1
117 179  1
60 180  1
153 181  1
57 184  1
142 184  1
79 185  1
84 185  1
69 186  1
72 188  1
148 188  1
139 190  1
166 190  1
67 191  1
83 192  1
33 194  1
107 194  1
75 196  1
104 196  1
104 197  1
110 197  1
69 198  1
164 198  1
64 199  1
146 199  1
158 200  1
