%%MatrixMarket matrix coordinate real general
% Generated 12-Mar-2013
2000 2000 1005
3 18  1
2 20  1
49 56  1
15 103  1
52 114  1
23 120  1
32 134  1
35 238  1
7 243  1
188 252  1
40 263  1
62 265  1
81 265  1
161 272  1
162 282  1
142 293  1
156 302  1
154 310  1
258 315  1
238 316  1
286 319  1
288 330  1
231 333  1
346 360  1
15 365  1
176 366  1
99 373  1
222 376  1
383 386  1
47 391  1
362 394  1
194 403  1
283 407  1
263 409  1
153 434  1
217 434  1
347 436  1
274 440  1
96 441  1
81 448  1
34 449  1
56 449  1
251 451  1
50 455  1
13 462  1
329 469  1
420 481  1
371 485  1
23 486  1
245 492  1
304 492  1
227 501  1
291 506  1
44 507  1
117 509  1
102 522  1
225 524  1
147 525  1
95 526  1
97 528  1
67 530  1
254 545  1
200 546  1
373 548  1
319 549  1
458 561  1
51 562  1
564 572  1
479 573  1
22 575  1
506 578  1
7 586  1
300 587  1
472 592  1
114 597  1
125 601  1
86 602  1
545 606  1
562 608  1
521 611  1
55 614  1
428 621  1
243 623  1
324 623  1
596 624  1
541 627  1
559 629  1
48 631  1
255 631  1
339 637  1
17 642  1
271 642  1
239 644  1
420 649  1
436 649  1
619 650  1
127 652  1
166 660  1
97 665  1
307 665  1
482 672  1
32 673  1
437 673  1
125 676  1
295 676  1
364 676  1
130 680  1
302 683  1
406 684  1
471 686  1
423 692  1
162 697  1
168 697  1
230 703  1
615 707  1
694 708  1
157 716  1
670 718  1
502 720  1
315 722  1
32 723  1
303 728  1
27 729  1
720 729  1
413 731  1
13 732  1
356 734  1
74 736  1
76 738  1
610 738  1
67 743  1
11 745  1
523 745  1
599 745  1
302 748  1
93 749  1
135 750  1
250 754  1
750 758  1
724 760  1
191 764  1
167 769  1
400 774  1
664 776  1
611 784  1
382 785  1
761 785  1
629 789  1
380 790  1
165 791  1
636 795  1
678 795  1
272 798  1
738 798  1
549 806  1
249 808  1
584 810  1
53 820  1
187 821  1
705 821  1
254 830  1
539 833  1
514 837  1
507 838  1
143 846  1
237 848  1
809 854  1
36 857  1
263 859  1
743 859  1
415 865  1
44 868  1
593 868  1
63 873  1
777 873  1
228 874  1
864 874  1
347 879  1
583 880  1
90 881  1
595 883  1
832 885  1
670 890  1
19 892  1
18 893  1
49 894  1
134 894  1
824 895  1
745 896  1
440 899  1
781 900  1
312 903  1
704 904  1
308 908  1
833 911  1
654 917  1
885 920  1
816 923  1
568 924  1
913 924  1
195 926  1
207 926  1
747 928  1
62 929  1
333 930  1
360 932  1
174 934  1
313 934  1
456 935  1
59 939  1
500 939  1
510 939  1
734 940  1
651 941  1
268 943  1
889 948  1
889 950  1
137 953  1
946 957  1
92 968  1
723 968  1
257 970  1
914 970  1
520 973  1
592 973  1
713 974  1
582 975  1
443 976  1
845 976  1
335 977  1
104 979  1
100 985  1
450 987  1
206 989  1
906 992  1
174 1001  1
177 1002  1
719 1006  1
939 1015  1
46 1016  1
250 1018  1
194 1019  1
63 1022  1
304 1027  1
756 1027  1
751 1030  1
575 1031  1
899 1033  1
193 1034  1
726 1037  1
825 1037  1
94 1040  1
1036 1040  1
233 1041  1
687 1042  1
110 1044  1
311 1044  1
872 1044  1
926 1047  1
73 1052  1
190 1052  1
298 1052  1
636 1053  1
674 1053  1
479 1056  1
582 1056  1
890 1057  1
130 1058  1
650 1058  1
788 1060  1
250 1063  1
879 1063  1
780 1065  1
843 1065  1
868 1065  1
684 1067  1
1019 1067  1
490 1072  1
206 1074  1
581 1075  1
853 1076  1
524 1079  1
934 1079  1
481 1081  1
544 1082  1
434 1083  1
1018 1083  1
1021 1083  1
749 1084  1
628 1085  1
600 1087  1
446 1088  1
502 1092  1
169 1095  1
611 1096  1
1083 1097  1
199 1098  1
578 1098  1
611 1099  1
323 1100  1
381 1101  1
1011 1101  1
727 1102  1
80 1103  1
177 1104  1
214 1105  1
1059 1105  1
695 1107  1
826 1108  1
159 1113  1
244 1114  1
682 1114  1
30 1116  1
93 1117  1
155 1118  1
451 1119  1
567 1120  1
531 1121  1
93 1122  1
294 1124  1
702 1124  1
913 1124  1
680 1125  1
727 1125  1
572 1127  1
946 1129  1
988 1129  1
159 1131  1
854 1134  1
1001 1143  1
386 1149  1
798 1149  1
533 1150  1
976 1151  1
853 1154  1
1072 1156  1
1113 1157  1
565 1159  1
47 1160  1
646 1161  1
247 1162  1
653 1162  1
945 1162  1
351 1163  1
419 1163  1
942 1163  1
1000 1163  1
1100 1166  1
382 1171  1
1086 1175  1
1028 1176  1
950 1177  1
193 1178  1
231 1179  1
57 1180  1
889 1182  1
744 1183  1
354 1184  1
135 1189  1
190 1189  1
1185 1191  1
357 1197  1
115 1198  1
355 1199  1
477 1204  1
769 1205  1
235 1206  1
319 1206  1
1016 1207  1
252 1208  1
1005 1211  1
455 1214  1
243 1216  1
1139 1216  1
234 1217  1
99 1220  1
1218 1220  1
206 1225  1
450 1225  1
1080 1230  1
346 1234  1
581 1234  1
45 1236  1
225 1236  1
767 1239  1
1046 1240  1
187 1241  1
1021 1241  1
1035 1241  1
331 1242  1
453 1248  1
300 1249  1
459 1249  1
523 1252  1
850 1254  1
739 1256  1
927 1256  1
869 1257  1
422 1259  1
430 1260  1
433 1260  1
429 1262  1
468 1263  1
108 1264  1
478 1264  1
850 1266  1
1030 1266  1
1193 1266  1
1091 1267  1
1157 1268  1
478 1270  1
37 1271  1
1227 1277  1
487 1278  1
509 1281  1
178 1283  1
847 1284  1
911 1286  1
160 1287  1
297 1287  1
1062 1287  1
401 1289  1
1044 1290  1
961 1292  1
1127 1292  1
19 1293  1
1271 1293  1
170 1295  1
273 1295  1
691 1295  1
1130 1295  1
422 1297  1
911 1301  1
481 1302  1
854 1305  1
752 1307  1
994 1308  1
1030 1309  1
265 1311  1
314 1311  1
1136 1311  1
283 1312  1
444 1312  1
1302 1312  1
1033 1313  1
97 1316  1
1042 1320  1
1291 1321  1
222 1323  1
925 1325  1
967 1325  1
784 1327  1
203 1330  1
771 1330  1
800 1331  1
1131 1336  1
720 1337  1
900 1337  1
1218 1340  1
542 1341  1
601 1342  1
707 1343  1
33 1344  1
241 1346  1
904 1349  1
1151 1349  1
661 1350  1
362 1351  1
1181 1351  1
439 1352  1
501 1357  1
671 1357  1
68 1358  1
1058 1358  1
54 1362  1
76 1363  1
516 1364  1
1316 1364  1
413 1365  1
24 1369  1
1317 1369  1
834 1370  1
944 1371  1
324 1378  1
618 1378  1
465 1379  1
547 1379  1
59 1381  1
324 1382  1
1155 1382  1
983 1386  1
1061 1390  1
1048 1391  1
1270 1394  1
393 1396  1
1095 1397  1
223 1398  1
477 1399  1
1178 1400  1
473 1401  1
344 1406  1
627 1406  1
1265 1406  1
280 1407  1
1208 1407  1
321 1408  1
235 1409  1
346 1409  1
650 1409  1
845 1417  1
936 1417  1
764 1418  1
894 1418  1
218 1419  1
669 1419  1
612 1420  1
823 1420  1
1236 1421  1
956 1424  1
1076 1424  1
1207 1424  1
473 1428  1
126 1433  1
973 1437  1
341 1442  1
1179 1442  1
362 1444  1
1370 1444  1
1261 1446  1
1445 1447  1
17 1450  1
748 1452  1
126 1455  1
1140 1464  1
81 1466  1
786 1466  1
469 1468  1
630 1469  1
1311 1471  1
795 1473  1
84 1475  1
423 1475  1
27 1476  1
1476 1478  1
1416 1479  1
551 1480  1
1229 1480  1
1337 1481  1
66 1482  1
187 1482  1
60 1483  1
1012 1483  1
1131 1483  1
681 1484  1
223 1487  1
884 1488  1
306 1489  1
1113 1491  1
418 1494  1
426 1495  1
1401 1495  1
72 1496  1
1003 1500  1
180 1502  1
550 1502  1
934 1502  1
1322 1502  1
1471 1502  1
489 1504  1
1239 1506  1
758 1507  1
1355 1508  1
582 1510  1
261 1511  1
1393 1511  1
1292 1512  1
639 1513  1
753 1513  1
1013 1515  1
123 1516  1
500 1518  1
952 1521  1
1124 1521  1
1419 1521  1
369 1524  1
178 1525  1
390 1526  1
74 1532  1
748 1532  1
961 1533  1
975 1533  1
657 1535  1
1324 1538  1
124 1541  1
1429 1544  1
1191 1545  1
1417 1546  1
1277 1549  1
247 1550  1
1453 1552  1
304 1553  1
169 1557  1
1156 1557  1
766 1559  1
1447 1560  1
484 1562  1
1008 1563  1
779 1564  1
434 1569  1
772 1570  1
1117 1570  1
799 1572  1
1295 1572  1
131 1573  1
244 1573  1
246 1574  1
1427 1574  1
212 1576  1
294 1577  1
1277 1577  1
1381 1577  1
603 1578  1
361 1581  1
377 1581  1
1553 1581  1
1482 1582  1
466 1583  1
62 1585  1
1509 1586  1
243 1587  1
670 1588  1
1420 1590  1
346 1594  1
395 1594  1
1549 1600  1
450 1601  1
1576 1602  1
1121 1603  1
1157 1603  1
857 1605  1
1063 1606  1
887 1607  1
1412 1609  1
955 1613  1
69 1614  1
630 1614  1
1311 1614  1
419 1615  1
720 1616  1
767 1616  1
386 1617  1
931 1617  1
1211 1617  1
407 1619  1
895 1623  1
1200 1623  1
9 1624  1
1216 1626  1
1044 1628  1
1037 1629  1
379 1630  1
656 1632  1
1258 1634  1
1290 1635  1
767 1636  1
1545 1636  1
498 1637  1
1275 1639  1
955 1641  1
1341 1641  1
539 1642  1
668 1643  1
1008 1645  1
350 1646  1
473 1646  1
1021 1646  1
1106 1648  1
303 1649  1
421 1650  1
776 1650  1
1169 1650  1
404 1651  1
237 1653  1
479 1653  1
1503 1655  1
638 1656  1
1284 1659  1
1460 1659  1
1634 1660  1
629 1663  1
1085 1663  1
492 1665  1
764 1665  1
1071 1666  1
551 1671  1
333 1672  1
568 1672  1
1221 1673  1
117 1674  1
455 1675  1
1526 1675  1
80 1677  1
1172 1678  1
392 1681  1
1193 1682  1
787 1683  1
444 1684  1
706 1685  1
557 1686  1
1284 1687  1
1557 1687  1
159 1688  1
637 1688  1
469 1689  1
927 1689  1
398 1691  1
1237 1691  1
912 1692  1
1622 1692  1
113 1693  1
1504 1693  1
634 1694  1
1399 1694  1
77 1695  1
503 1696  1
1249 1697  1
925 1698  1
1312 1699  1
448 1702  1
1090 1702  1
247 1703  1
1649 1703  1
66 1704  1
1263 1706  1
151 1708  1
685 1708  1
1487 1709  1
1188 1712  1
73 1714  1
1449 1716  1
365 1717  1
908 1717  1
844 1718  1
1513 1718  1
603 1720  1
271 1723  1
1045 1725  1
345 1726  1
1234 1726  1
425 1729  1
44 1730  1
1228 1730  1
1106 1734  1
1543 1735  1
95 1737  1
694 1739  1
57 1740  1
776 1741  1
1049 1741  1
152 1742  1
300 1742  1
135 1743  1
1270 1743  1
1678 1743  1
95 1746  1
306 1747  1
499 1751  1
813 1752  1
7 1753  1
1209 1753  1
1437 1755  1
1520 1755  1
1369 1757  1
1461 1757  1
1298 1758  1
162 1761  1
643 1762  1
1363 1762  1
103 1763  1
693 1764  1
276 1765  1
500 1766  1
575 1766  1
752 1767  1
1692 1767  1
522 1768  1
914 1768  1
1273 1768  1
1712 1771  1
867 1772  1
367 1773  1
367 1774  1
227 1775  1
523 1775  1
1242 1775  1
1759 1775  1
419 1776  1
342 1777  1
390 1777  1
1414 1777  1
566 1780  1
1037 1782  1
1371 1785  1
1648 1786  1
391 1787  1
51 1791  1
425 1791  1
554 1791  1
681 1791  1
766 1791  1
1297 1793  1
1727 1794  1
651 1795  1
599 1796  1
813 1797  1
923 1797  1
1778 1797  1
751 1798  1
94 1799  1
1126 1799  1
1759 1799  1
1781 1799  1
767 1800  1
710 1803  1
727 1806  1
1301 1807  1
1048 1808  1
429 1810  1
979 1811  1
1059 1812  1
1089 1812  1
97 1813  1
1239 1813  1
1652 1813  1
118 1815  1
1211 1816  1
1037 1820  1
1789 1820  1
1565 1821  1
892 1823  1
1406 1824  1
670 1825  1
1112 1826  1
1203 1827  1
556 1829  1
34 1833  1
1342 1833  1
1781 1833  1
227 1834  1
1664 1834  1
116 1835  1
914 1835  1
992 1835  1
550 1837  1
1211 1839  1
141 1841  1
401 1841  1
742 1843  1
218 1844  1
1234 1845  1
4 1846  1
1077 1846  1
360 1847  1
178 1848  1
486 1850  1
1031 1850  1
716 1852  1
1207 1852  1
1292 1852  1
1398 1852  1
404 1853  1
1790 1854  1
79 1855  1
1418 1855  1
1830 1855  1
835 1856  1
352 1857  1
1531 1857  1
1607 1857  1
186 1859  1
1161 1859  1
1610 1859  1
588 1861  1
1169 1864  1
181 1865  1
1274 1866  1
1832 1866  1
938 1868  1
1795 1868  1
58 1870  1
951 1871  1
1554 1871  1
1168 1872  1
661 1873  1
1722 1874  1
1807 1874  1
1348 1875  1
1755 1875  1
1756 1876  1
1597 1878  1
1646 1880  1
759 1881  1
409 1885  1
1007 1885  1
1561 1885  1
131 1886  1
1040 1886  1
334 1887  1
637 1888  1
1033 1888  1
1858 1888  1
1873 1888  1
1394 1890  1
593 1892  1
81 1894  1
497 1894  1
240 1895  1
332 1895  1
706 1895  1
559 1896  1
1821 1898  1
522 1899  1
1560 1899  1
392 1900  1
1389 1900  1
1479 1900  1
94 1901  1
1805 1902  1
485 1903  1
917 1903  1
1628 1903  1
979 1906  1
700 1908  1
139 1909  1
331 1909  1
973 1911  1
1730 1913  1
326 1914  1
1544 1916  1
236 1917  1
724 1917  1
856 1917  1
1109 1917  1
896 1918  1
926 1919  1
935 1919  1
1850 1920  1
1483 1922  1
464 1923  1
1292 1925  1
703 1926  1
1016 1926  1
1797 1926  1
425 1928  1
78 1929  1
1309 1929  1
873 1933  1
1719 1933  1
426 1937  1
1786 1939  1
1132 1940  1
1865 1942  1
726 1947  1
957 1947  1
1477 1947  1
1093 1949  1
136 1953  1
1290 1954  1
579 1956  1
1525 1956  1
1668 1956  1
1423 1957  1
634 1958  1
883 1959  1
1349 1963  1
837 1965  1
60 1966  1
1088 1966  1
1718 1967  1
1134 1968  1
632 1970  1
579 1971  1
893 1971  1
846 1972  1
1488 1974  1
1543 1981  1
1626 1983  1
502 1984  1
658 1984  1
123 1985  1
1366 1985  1
63 1987  1
1842 1987  1
614 1989  1
670 1989  1
1591 1990  1
417 1995  1
353 1996  1
775 1996  1
1250 1998  1
401 1999  1
762 1999  1
1262 1999  1
817 2000  1
918 2000  1
