%%MatrixMarket matrix coordinate real general
% Generated 09-Mar-2013
200 200 102
3 22  1
12 27  1
26 28  1
29 30  1
34 36  1
26 37  1
32 37  1
25 41  1
17 50  1
40 56  1
10 57  1
55 63  1
18 66  1
64 69  1
25 70  1
32 70  1
43 71  1
62 71  1
46 75  1
25 84  1
76 84  1
8 86  1
73 88  1
37 96  1
91 96  1
2 103  1
80 110  1
44 115  1
78 115  1
95 115  1
24 118  1
90 119  1
34 120  1
84 121  1
74 122  1
30 123  1
52 123  1
63 123  1
79 123  1
86 124  1
82 126  1
93 126  1
60 129  1
16 130  1
83 132  1
126 133  1
10 137  1
18 138  1
80 138  1
125 138  1
136 138  1
108 140  1
61 141  1
37 143  1
55 143  1
120 144  1
82 145  1
33 148  1
43 148  1
8 149  1
48 149  1
37 151  1
102 154  1
144 154  1
33 156  1
17 157  1
44 161  1
22 163  1
67 163  1
20 164  1
68 165  1
162 166  1
86 169  1
108 169  1
142 171  1
74 173  1
28 174  1
57 174  1
30 176  1
164 176  1
2 177  1
30 183  1
77 184  1
1 186  1
101 187  1
27 188  1
121 188  1
184 188  1
20 190  1
103 190  1
79 192  1
71 193  1
40 194  1
97 194  1
123 194  1
33 196  1
107 197  1
29 198  1
143 198  1
120 200  1
147 200  1
150 200  1
