%%MatrixMarket matrix coordinate real general
% Generated 09-Mar-2013
200 200 92
22 28  1
31 33  1
13 40  1
1 46  1
6 57  1
7 57  1
12 65  1
50 68  1
32 69  1
58 71  1
70 74  1
55 78  1
6 80  1
70 82  1
69 84  1
74 84  1
46 87  1
72 87  1
65 88  1
9 90  1
8 97  1
22 100  1
84 103  1
12 109  1
20 111  1
107 112  1
37 114  1
7 116  1
96 118  1
23 119  1
24 120  1
86 125  1
90 125  1
8 126  1
93 126  1
81 127  1
125 132  1
31 133  1
86 134  1
44 135  1
3 139  1
69 139  1
131 140  1
2 143  1
95 143  1
64 146  1
110 146  1
84 147  1
134 149  1
148 149  1
72 151  1
128 151  1
27 152  1
28 152  1
84 152  1
108 152  1
44 153  1
105 154  1
77 156  1
95 156  1
139 158  1
69 159  1
45 160  1
2 161  1
5 161  1
95 161  1
76 162  1
87 163  1
97 164  1
16 166  1
112 166  1
55 167  1
79 172  1
18 173  1
56 173  1
144 174  1
156 174  1
90 181  1
127 182  1
54 183  1
27 185  1
49 185  1
155 186  1
16 188  1
22 189  1
55 192  1
154 192  1
150 193  1
191 194  1
93 196  1
23 199  1
196 199  1
