%%MatrixMarket matrix coordinate real general
% Generated 09-Mar-2013
200 200 90
40 44  1
39 52  1
47 58  1
4 59  1
18 66  1
2 68  1
56 71  1
6 73  1
33 74  1
59 74  1
29 78  1
14 79  1
49 81  1
52 90  1
70 92  1
83 95  1
64 99  1
67 103  1
7 105  1
91 105  1
71 107  1
22 111  1
48 115  1
96 115  1
28 120  1
52 127  1
31 128  1
54 130  1
117 131  1
120 131  1
69 132  1
38 133  1
15 134  1
61 135  1
97 135  1
122 136  1
105 137  1
6 138  1
21 138  1
11 139  1
35 141  1
127 143  1
89 144  1
8 146  1
95 147  1
128 147  1
68 148  1
148 149  1
37 151  1
57 151  1
81 151  1
145 153  1
70 155  1
22 157  1
24 157  1
79 157  1
131 157  1
107 158  1
67 160  1
126 161  1
45 162  1
96 163  1
122 163  1
82 165  1
15 168  1
66 168  1
147 169  1
51 170  1
45 171  1
79 172  1
50 173  1
67 175  1
40 176  1
137 177  1
94 178  1
107 178  1
41 181  1
96 185  1
127 185  1
10 188  1
182 190  1
171 191  1
66 192  1
115 197  1
48 198  1
152 198  1
25 199  1
196 199  1
11 200  1
57 200  1
