%%MatrixMarket matrix coordinate real general
% Generated 09-Mar-2013
200 200 80
15 17  1
24 35  1
35 41  1
42 51  1
6 54  1
50 58  1
6 64  1
35 73  1
67 76  1
14 78  1
58 86  1
3 89  1
16 89  1
69 95  1
90 102  1
5 104  1
16 105  1
27 108  1
36 110  1
102 110  1
31 112  1
23 115  1
69 118  1
117 119  1
34 120  1
113 120  1
100 121  1
85 123  1
78 126  1
85 129  1
50 131  1
76 131  1
26 138  1
50 138  1
110 138  1
87 141  1
17 145  1
29 146  1
52 148  1
119 148  1
89 152  1
118 152  1
29 153  1
55 153  1
129 154  1
129 156  1
43 157  1
55 160  1
48 161  1
7 166  1
14 166  1
72 167  1
56 168  1
20 169  1
32 169  1
112 169  1
113 169  1
116 171  1
43 172  1
57 172  1
4 173  1
17 176  1
165 176  1
76 177  1
119 183  1
31 185  1
41 185  1
85 185  1
14 186  1
117 186  1
27 187  1
53 187  1
176 191  1
29 192  1
20 193  1
191 193  1
183 194  1
31 196  1
183 198  1
18 199  1
