%%MatrixMarket matrix coordinate real general
% Generated 09-Mar-2013
200 200 110
8 15  1
24 29  1
6 31  1
34 38  1
6 51  1
39 52  1
44 52  1
14 58  1
43 62  1
18 67  1
45 67  1
3 69  1
43 72  1
52 73  1
74 75  1
53 76  1
61 76  1
59 79  1
73 82  1
37 84  1
21 87  1
17 88  1
29 88  1
73 88  1
12 89  1
45 89  1
29 91  1
20 95  1
50 96  1
85 97  1
77 100  1
39 102  1
97 102  1
72 107  1
26 108  1
7 109  1
61 112  1
58 115  1
42 116  1
109 118  1
84 119  1
53 121  1
59 121  1
1 122  1
10 122  1
11 123  1
70 123  1
13 125  1
67 127  1
89 127  1
18 130  1
55 133  1
82 134  1
99 136  1
32 137  1
98 137  1
67 140  1
14 141  1
64 141  1
139 141  1
10 142  1
86 142  1
28 144  1
12 145  1
54 147  1
26 148  1
6 149  1
127 149  1
56 152  1
96 152  1
111 154  1
34 157  1
125 159  1
116 161  1
83 162  1
109 162  1
109 163  1
14 167  1
52 167  1
101 167  1
102 168  1
72 169  1
141 169  1
40 170  1
1 171  1
11 173  1
161 174  1
15 176  1
11 177  1
28 177  1
149 178  1
14 179  1
40 179  1
70 179  1
175 179  1
49 180  1
47 183  1
74 184  1
114 184  1
102 185  1
150 185  1
22 186  1
15 188  1
166 188  1
37 195  1
41 195  1
59 195  1
27 196  1
60 198  1
97 200  1
