%%MatrixMarket matrix coordinate real general
% Generated 09-Mar-2013
200 200 89
10 15  1
6 18  1
1 22  1
3 31  1
23 38  1
17 41  1
22 41  1
29 42  1
23 43  1
27 48  1
23 55  1
27 56  1
3 62  1
32 64  1
34 65  1
10 70  1
30 77  1
78 79  1
83 86  1
18 87  1
60 89  1
80 94  1
36 95  1
80 96  1
88 98  1
22 100  1
67 103  1
53 104  1
35 107  1
2 116  1
35 120  1
117 122  1
20 124  1
24 124  1
36 125  1
2 128  1
34 130  1
70 130  1
42 131  1
90 131  1
105 133  1
95 136  1
107 137  1
78 138  1
142 144  1
80 145  1
87 148  1
110 152  1
11 153  1
67 155  1
125 155  1
58 156  1
32 159  1
114 161  1
35 162  1
68 162  1
73 163  1
144 163  1
85 166  1
138 166  1
98 168  1
1 170  1
99 170  1
46 171  1
95 172  1
114 173  1
27 174  1
55 174  1
1 175  1
128 175  1
54 176  1
78 176  1
85 176  1
113 179  1
107 183  1
20 184  1
31 184  1
93 185  1
110 186  1
67 187  1
85 187  1
164 187  1
115 188  1
58 189  1
110 189  1
113 191  1
87 193  1
5 197  1
15 198  1
