%%MatrixMarket matrix coordinate real general
% Generated 09-Mar-2013
200 200 104
14 23  1
34 37  1
41 45  1
33 48  1
12 49  1
41 49  1
3 58  1
18 67  1
21 76  1
59 81  1
66 83  1
49 86  1
24 89  1
43 89  1
81 89  1
24 93  1
41 93  1
10 94  1
20 98  1
30 100  1
16 102  1
7 104  1
93 105  1
25 106  1
60 109  1
33 110  1
1 112  1
11 112  1
16 112  1
20 116  1
106 116  1
23 120  1
114 120  1
8 121  1
31 121  1
33 122  1
33 124  1
34 131  1
45 131  1
71 134  1
69 135  1
112 135  1
57 138  1
4 142  1
124 144  1
89 145  1
145 146  1
3 147  1
81 147  1
107 148  1
94 149  1
129 149  1
88 150  1
72 151  1
78 151  1
144 151  1
116 152  1
132 153  1
75 154  1
112 154  1
32 155  1
4 156  1
50 158  1
126 158  1
128 158  1
61 161  1
89 161  1
121 161  1
123 162  1
128 163  1
48 165  1
53 165  1
145 168  1
33 171  1
90 173  1
19 174  1
146 174  1
102 176  1
165 176  1
13 177  1
28 180  1
21 181  1
37 181  1
130 181  1
141 183  1
149 183  1
32 184  1
164 186  1
53 187  1
119 189  1
142 189  1
3 190  1
121 191  1
117 192  1
50 193  1
95 194  1
47 195  1
159 195  1
45 196  1
172 197  1
150 198  1
8 199  1
76 199  1
149 199  1
