%%MatrixMarket matrix coordinate real general
% Generated 09-Mar-2013
200 200 83
47 48  1
21 49  1
14 52  1
39 53  1
47 59  1
4 60  1
52 60  1
10 68  1
20 71  1
79 81  1
35 82  1
52 85  1
82 89  1
70 91  1
32 92  1
58 92  1
81 94  1
18 101  1
33 101  1
40 101  1
27 102  1
93 103  1
32 105  1
58 105  1
27 110  1
41 112  1
37 115  1
46 115  1
66 115  1
73 118  1
94 121  1
91 122  1
117 125  1
24 129  1
99 130  1
3 133  1
39 133  1
21 134  1
127 134  1
59 136  1
113 140  1
133 140  1
12 143  1
26 143  1
85 143  1
72 144  1
13 146  1
55 146  1
19 147  1
21 150  1
25 154  1
13 156  1
39 158  1
16 159  1
120 159  1
26 161  1
33 161  1
20 168  1
128 169  1
148 170  1
43 172  1
1 173  1
10 174  1
37 177  1
48 178  1
83 179  1
94 180  1
2 183  1
140 183  1
67 185  1
70 188  1
57 189  1
125 189  1
29 190  1
86 190  1
114 190  1
14 192  1
17 192  1
63 194  1
75 194  1
125 195  1
71 198  1
141 198  1
