%%MatrixMarket matrix coordinate real general
% Generated 09-Mar-2013
200 200 107
11 15  1
18 22  1
14 24  1
6 36  1
30 38  1
38 45  1
53 54  1
14 63  1
47 64  1
53 70  1
45 71  1
6 74  1
67 76  1
57 77  1
29 80  1
57 80  1
39 89  1
29 91  1
41 93  1
25 95  1
11 96  1
66 98  1
39 99  1
70 99  1
40 101  1
52 105  1
10 108  1
50 111  1
55 111  1
70 111  1
73 111  1
41 112  1
24 113  1
67 119  1
70 119  1
97 119  1
21 120  1
99 120  1
61 121  1
83 122  1
87 122  1
85 123  1
70 124  1
12 126  1
92 128  1
28 129  1
60 130  1
32 131  1
115 131  1
76 132  1
31 133  1
31 135  1
24 140  1
73 140  1
62 143  1
127 144  1
36 145  1
108 146  1
88 147  1
36 148  1
41 149  1
145 149  1
82 150  1
50 152  1
129 152  1
60 154  1
15 156  1
98 156  1
19 157  1
53 157  1
23 160  1
136 160  1
87 162  1
156 162  1
52 164  1
24 165  1
161 166  1
100 167  1
111 170  1
144 170  1
13 171  1
125 172  1
99 173  1
111 173  1
2 174  1
42 175  1
37 177  1
23 178  1
136 181  1
123 183  1
72 184  1
159 185  1
107 187  1
140 187  1
23 188  1
49 188  1
179 188  1
120 190  1
125 191  1
154 192  1
6 193  1
160 193  1
188 193  1
34 194  1
44 196  1
8 197  1
47 199  1
