%%MatrixMarket matrix coordinate real general
% Generated 09-Mar-2013
200 200 103
8 11  1
6 29  1
1 31  1
12 33  1
10 37  1
29 47  1
36 47  1
5 53  1
27 59  1
9 67  1
41 71  1
35 72  1
11 74  1
3 75  1
75 79  1
26 83  1
8 84  1
17 85  1
41 86  1
60 89  1
80 89  1
41 93  1
38 96  1
50 97  1
68 98  1
84 99  1
2 100  1
37 103  1
41 105  1
34 106  1
31 108  1
94 108  1
79 109  1
111 113  1
100 117  1
76 119  1
104 120  1
30 124  1
103 126  1
59 130  1
17 132  1
101 133  1
63 136  1
128 136  1
55 137  1
127 137  1
70 138  1
127 139  1
69 140  1
41 141  1
44 145  1
66 146  1
20 149  1
84 150  1
97 152  1
149 152  1
151 152  1
149 153  1
14 154  1
9 155  1
49 156  1
128 157  1
22 158  1
59 158  1
38 159  1
118 159  1
102 160  1
56 161  1
29 163  1
80 163  1
33 165  1
74 165  1
151 165  1
110 167  1
10 168  1
64 168  1
80 169  1
47 170  1
151 171  1
107 176  1
74 179  1
156 179  1
4 180  1
16 181  1
2 182  1
4 184  1
88 185  1
175 186  1
79 187  1
119 188  1
187 188  1
84 189  1
153 190  1
64 192  1
74 192  1
125 194  1
146 194  1
182 194  1
69 195  1
142 195  1
152 196  1
133 198  1
170 198  1
