%%MatrixMarket matrix coordinate real general
% Generated 09-Mar-2013
200 200 114
1 12  1
11 33  1
6 34  1
35 39  1
40 44  1
8 45  1
32 48  1
16 55  1
12 58  1
5 60  1
50 61  1
23 66  1
12 67  1
52 67  1
11 69  1
42 72  1
7 74  1
58 76  1
43 81  1
76 89  1
85 89  1
22 93  1
63 93  1
35 94  1
46 95  1
12 97  1
33 97  1
45 99  1
50 100  1
98 108  1
54 109  1
59 109  1
16 110  1
83 110  1
99 110  1
17 114  1
92 114  1
111 115  1
103 118  1
20 119  1
18 120  1
91 121  1
51 122  1
76 123  1
98 124  1
100 124  1
117 124  1
45 126  1
123 127  1
55 130  1
66 132  1
6 133  1
33 133  1
103 134  1
18 138  1
134 138  1
6 140  1
92 140  1
91 141  1
106 141  1
18 142  1
43 145  1
93 146  1
9 148  1
81 150  1
88 150  1
96 151  1
127 154  1
139 154  1
93 155  1
131 156  1
40 157  1
124 158  1
40 161  1
105 164  1
49 167  1
15 168  1
62 168  1
102 170  1
125 171  1
22 173  1
116 175  1
107 177  1
147 177  1
154 177  1
114 181  1
148 181  1
87 183  1
143 183  1
117 184  1
8 185  1
178 186  1
77 187  1
168 187  1
102 188  1
7 189  1
171 189  1
106 190  1
110 190  1
31 191  1
103 191  1
141 191  1
107 192  1
27 195  1
40 196  1
73 196  1
94 197  1
35 198  1
151 198  1
156 198  1
8 199  1
169 199  1
8 200  1
124 200  1
