%%MatrixMarket matrix coordinate real general
% Generated 09-Mar-2013
200 200 109
29 31  1
18 35  1
22 35  1
27 42  1
24 45  1
17 49  1
22 50  1
17 55  1
54 63  1
18 64  1
19 66  1
34 69  1
5 70  1
30 73  1
48 74  1
49 74  1
66 76  1
34 79  1
30 84  1
72 84  1
67 85  1
74 86  1
11 88  1
64 90  1
36 91  1
73 96  1
57 97  1
43 98  1
2 99  1
3 99  1
87 99  1
98 99  1
50 100  1
9 103  1
36 105  1
98 109  1
19 111  1
4 113  1
10 114  1
5 118  1
44 118  1
56 118  1
62 121  1
64 123  1
103 124  1
89 125  1
77 126  1
68 127  1
75 127  1
96 127  1
116 127  1
102 128  1
40 130  1
57 130  1
81 130  1
87 131  1
73 133  1
90 133  1
60 135  1
109 139  1
134 140  1
141 149  1
21 150  1
94 151  1
110 151  1
132 151  1
143 151  1
124 152  1
51 153  1
8 154  1
132 157  1
103 159  1
51 160  1
114 160  1
32 163  1
127 164  1
127 165  1
77 168  1
134 168  1
154 168  1
28 169  1
67 169  1
94 169  1
142 169  1
106 170  1
168 170  1
109 172  1
67 173  1
72 173  1
170 174  1
101 175  1
155 175  1
8 177  1
159 177  1
87 178  1
129 182  1
60 183  1
91 183  1
48 184  1
27 185  1
181 186  1
115 187  1
56 188  1
146 190  1
139 191  1
28 192  1
51 193  1
31 198  1
20 200  1
