%%MatrixMarket matrix coordinate real general
% Generated 09-Mar-2013
200 200 98
18 20  1
12 24  1
5 26  1
9 33  1
41 44  1
2 52  1
24 52  1
9 54  1
12 54  1
58 60  1
63 65  1
35 68  1
54 69  1
27 71  1
54 75  1
53 78  1
19 86  1
86 88  1
2 89  1
36 89  1
53 97  1
55 102  1
49 108  1
52 113  1
89 113  1
92 116  1
1 117  1
5 117  1
88 117  1
11 119  1
21 120  1
49 126  1
112 127  1
8 129  1
23 130  1
30 130  1
36 130  1
99 130  1
126 130  1
117 132  1
1 133  1
123 140  1
7 142  1
12 144  1
92 146  1
141 147  1
63 148  1
102 149  1
140 149  1
32 151  1
43 152  1
119 153  1
3 154  1
23 154  1
121 155  1
79 159  1
63 160  1
127 160  1
128 162  1
156 162  1
1 164  1
135 165  1
70 169  1
112 169  1
92 170  1
55 171  1
105 171  1
61 172  1
77 172  1
49 173  1
125 173  1
23 176  1
77 176  1
84 176  1
101 176  1
111 177  1
128 177  1
37 179  1
84 179  1
91 179  1
83 181  1
31 184  1
161 184  1
7 185  1
183 185  1
49 188  1
116 188  1
74 189  1
6 190  1
108 190  1
87 193  1
158 193  1
163 193  1
10 194  1
39 194  1
88 194  1
70 196  1
156 198  1
