%%MatrixMarket matrix coordinate real general
% Generated 09-Mar-2013
200 200 94
3 33  1
12 38  1
12 41  1
26 44  1
9 46  1
34 49  1
16 53  1
49 54  1
46 60  1
4 63  1
59 67  1
9 70  1
3 72  1
39 79  1
45 83  1
5 86  1
9 87  1
16 90  1
59 92  1
90 94  1
55 96  1
1 100  1
46 107  1
10 109  1
14 110  1
46 110  1
25 112  1
67 112  1
92 112  1
42 113  1
10 114  1
17 115  1
68 118  1
87 118  1
113 118  1
75 124  1
123 124  1
37 125  1
39 125  1
54 125  1
124 128  1
120 129  1
112 133  1
118 133  1
94 139  1
53 145  1
63 145  1
103 148  1
80 150  1
24 151  1
37 151  1
77 151  1
95 154  1
98 154  1
112 154  1
66 155  1
4 157  1
27 160  1
104 160  1
108 161  1
23 162  1
145 162  1
109 163  1
125 165  1
158 169  1
67 170  1
145 170  1
94 171  1
83 172  1
164 173  1
142 175  1
153 175  1
64 176  1
148 177  1
159 177  1
82 179  1
101 182  1
44 183  1
182 183  1
51 184  1
110 184  1
133 186  1
6 190  1
94 190  1
128 190  1
112 191  1
66 192  1
25 196  1
10 197  1
12 198  1
193 198  1
119 199  1
136 199  1
194 200  1
