%%MatrixMarket matrix coordinate real general
% Generated 09-Mar-2013
200 200 88
8 22  1
13 24  1
24 26  1
15 27  1
23 31  1
33 40  1
19 44  1
29 53  1
48 58  1
54 61  1
44 73  1
11 77  1
34 78  1
74 83  1
41 84  1
21 85  1
70 85  1
19 86  1
80 87  1
85 87  1
79 90  1
6 91  1
33 96  1
88 97  1
60 99  1
32 102  1
94 102  1
94 103  1
61 104  1
87 105  1
9 106  1
34 107  1
91 107  1
95 108  1
104 110  1
61 111  1
80 112  1
34 114  1
69 114  1
31 116  1
41 117  1
67 122  1
23 129  1
73 131  1
15 132  1
16 135  1
55 141  1
129 144  1
135 144  1
134 145  1
60 146  1
106 147  1
116 147  1
12 148  1
86 150  1
97 150  1
20 151  1
110 154  1
127 154  1
3 155  1
77 155  1
90 155  1
130 156  1
110 158  1
72 161  1
150 161  1
101 163  1
78 166  1
165 166  1
161 167  1
86 169  1
41 174  1
40 175  1
61 176  1
76 176  1
144 177  1
68 179  1
158 180  1
81 183  1
45 184  1
47 186  1
9 187  1
33 187  1
123 188  1
14 189  1
45 197  1
188 197  1
68 198  1
