%%MatrixMarket matrix coordinate real general
% Generated 09-Mar-2013
200 200 98
10 19  1
6 31  1
28 38  1
36 41  1
17 42  1
15 44  1
48 62  1
55 62  1
55 63  1
2 65  1
40 67  1
60 68  1
43 72  1
64 76  1
64 81  1
65 83  1
68 83  1
56 84  1
79 84  1
35 88  1
33 90  1
30 91  1
52 92  1
47 93  1
13 95  1
54 96  1
75 101  1
93 102  1
75 103  1
30 104  1
43 105  1
10 106  1
40 109  1
74 111  1
80 113  1
101 115  1
55 117  1
52 120  1
75 120  1
54 124  1
21 126  1
75 133  1
58 134  1
117 135  1
60 136  1
27 137  1
95 137  1
108 138  1
63 140  1
34 144  1
19 145  1
110 145  1
101 151  1
140 152  1
141 155  1
85 156  1
50 161  1
87 161  1
151 163  1
1 164  1
104 164  1
144 164  1
43 166  1
153 166  1
95 172  1
59 173  1
151 173  1
154 173  1
160 174  1
11 178  1
151 178  1
17 183  1
39 184  1
176 184  1
131 186  1
51 187  1
125 187  1
69 188  1
126 188  1
59 189  1
80 189  1
129 190  1
104 192  1
124 192  1
130 192  1
182 192  1
117 193  1
14 194  1
18 195  1
20 195  1
115 195  1
154 195  1
28 196  1
94 198  1
97 198  1
110 198  1
75 199  1
73 200  1
