%%MatrixMarket matrix coordinate real general
% Generated 09-Mar-2013
200 200 101
14 26  1
19 36  1
8 37  1
12 37  1
9 39  1
39 46  1
25 52  1
55 63  1
63 71  1
12 76  1
54 83  1
63 91  1
82 93  1
34 96  1
52 97  1
93 99  1
4 102  1
30 102  1
26 105  1
43 105  1
24 107  1
48 113  1
92 113  1
76 114  1
108 118  1
59 122  1
70 122  1
19 123  1
7 124  1
83 124  1
111 124  1
91 127  1
99 128  1
55 129  1
33 131  1
65 131  1
109 131  1
108 133  1
17 134  1
110 134  1
16 135  1
38 142  1
68 144  1
63 148  1
112 149  1
9 150  1
138 150  1
14 152  1
131 152  1
23 153  1
71 154  1
69 155  1
153 155  1
20 157  1
74 160  1
22 161  1
103 161  1
123 161  1
145 161  1
146 161  1
45 162  1
71 162  1
87 163  1
39 164  1
45 166  1
87 169  1
154 169  1
30 171  1
15 174  1
130 174  1
98 175  1
31 176  1
62 176  1
64 177  1
91 177  1
142 177  1
163 177  1
168 177  1
121 178  1
136 179  1
17 180  1
39 181  1
97 181  1
63 182  1
106 182  1
7 183  1
73 186  1
28 188  1
172 188  1
105 189  1
176 190  1
28 192  1
57 192  1
118 192  1
46 196  1
59 196  1
182 197  1
74 198  1
131 199  1
152 199  1
80 200  1
