%%MatrixMarket matrix coordinate real general
% Generated 12-Mar-2013
4000 4000 2033
85 91  1
55 139  1
95 151  1
36 156  1
173 194  1
61 243  1
72 269  1
187 275  1
265 293  1
270 316  1
122 323  1
123 331  1
286 349  1
148 364  1
332 366  1
160 374  1
122 375  1
142 376  1
114 388  1
155 413  1
212 427  1
75 448  1
114 448  1
24 458  1
465 468  1
221 482  1
107 495  1
448 498  1
78 514  1
484 517  1
286 519  1
159 523  1
212 524  1
374 528  1
280 537  1
105 539  1
9 546  1
18 547  1
479 554  1
257 557  1
262 577  1
575 577  1
197 578  1
198 586  1
398 586  1
97 598  1
546 609  1
469 614  1
224 621  1
406 621  1
97 628  1
290 640  1
14 646  1
43 649  1
101 650  1
559 661  1
77 663  1
506 677  1
211 681  1
435 685  1
532 685  1
424 686  1
25 706  1
447 712  1
490 723  1
72 727  1
206 729  1
271 731  1
443 736  1
114 747  1
454 751  1
214 754  1
617 757  1
591 758  1
489 764  1
193 770  1
566 772  1
647 772  1
452 782  1
697 783  1
19 797  1
236 798  1
20 816  1
566 816  1
50 819  1
274 820  1
393 825  1
311 833  1
700 836  1
337 837  1
161 840  1
729 864  1
148 867  1
76 873  1
671 875  1
366 876  1
463 878  1
402 879  1
70 882  1
177 894  1
782 899  1
105 900  1
126 900  1
406 900  1
110 902  1
456 902  1
648 909  1
653 912  1
714 912  1
636 915  1
828 916  1
410 919  1
551 922  1
402 933  1
148 936  1
24 937  1
621 938  1
90 939  1
274 941  1
887 947  1
613 952  1
831 952  1
95 954  1
466 958  1
684 965  1
676 970  1
740 971  1
424 975  1
600 976  1
203 981  1
253 982  1
484 982  1
571 984  1
474 989  1
888 993  1
606 998  1
991 999  1
294 1007  1
130 1009  1
181 1013  1
932 1013  1
511 1014  1
213 1015  1
931 1018  1
213 1019  1
911 1024  1
627 1025  1
201 1028  1
522 1033  1
89 1036  1
860 1045  1
1051 1054  1
996 1057  1
307 1060  1
63 1061  1
665 1063  1
529 1066  1
1018 1071  1
637 1073  1
946 1077  1
589 1094  1
946 1097  1
95 1102  1
172 1103  1
50 1110  1
554 1110  1
753 1115  1
337 1117  1
442 1117  1
313 1119  1
4 1122  1
579 1122  1
302 1129  1
532 1131  1
851 1136  1
31 1137  1
1075 1143  1
1059 1159  1
1107 1165  1
923 1167  1
375 1168  1
231 1171  1
965 1172  1
580 1177  1
7 1184  1
522 1190  1
350 1191  1
351 1198  1
773 1217  1
802 1219  1
457 1224  1
1180 1225  1
506 1227  1
19 1230  1
191 1231  1
1173 1237  1
1063 1239  1
389 1240  1
635 1240  1
530 1242  1
1133 1243  1
1195 1250  1
1037 1251  1
354 1256  1
782 1267  1
1117 1267  1
956 1269  1
764 1271  1
62 1278  1
302 1282  1
346 1283  1
656 1285  1
18 1286  1
270 1287  1
454 1296  1
363 1297  1
1143 1302  1
644 1309  1
819 1314  1
717 1316  1
663 1321  1
1319 1321  1
646 1326  1
389 1330  1
872 1332  1
1131 1335  1
1117 1340  1
707 1347  1
959 1347  1
291 1354  1
1010 1354  1
1198 1356  1
909 1358  1
1059 1361  1
1079 1363  1
1328 1368  1
193 1370  1
505 1372  1
1348 1374  1
550 1377  1
801 1377  1
215 1382  1
1213 1382  1
872 1383  1
1168 1392  1
148 1395  1
134 1396  1
416 1399  1
1234 1400  1
75 1405  1
223 1409  1
26 1413  1
381 1415  1
411 1418  1
480 1419  1
1332 1419  1
944 1421  1
1014 1424  1
1363 1428  1
989 1430  1
79 1431  1
77 1435  1
415 1436  1
1288 1445  1
262 1450  1
1163 1453  1
390 1455  1
1350 1455  1
1330 1458  1
89 1459  1
582 1460  1
881 1463  1
139 1469  1
703 1469  1
637 1471  1
638 1473  1
191 1475  1
1156 1477  1
568 1478  1
1211 1481  1
324 1484  1
417 1484  1
638 1485  1
1041 1492  1
337 1493  1
522 1505  1
834 1506  1
1419 1507  1
76 1508  1
53 1521  1
1179 1529  1
225 1530  1
595 1530  1
1200 1534  1
1358 1540  1
854 1542  1
1211 1542  1
833 1550  1
1534 1554  1
1007 1555  1
1550 1563  1
130 1568  1
173 1569  1
922 1571  1
1210 1573  1
367 1574  1
191 1575  1
166 1583  1
1549 1584  1
1059 1587  1
528 1588  1
879 1588  1
1586 1588  1
138 1590  1
594 1595  1
775 1596  1
1416 1597  1
1233 1602  1
1371 1606  1
840 1611  1
614 1613  1
863 1615  1
26 1619  1
64 1620  1
1583 1621  1
1000 1627  1
16 1629  1
205 1634  1
1209 1634  1
875 1638  1
101 1641  1
643 1641  1
30 1645  1
1343 1658  1
464 1661  1
179 1663  1
1449 1663  1
1038 1669  1
120 1672  1
54 1680  1
598 1686  1
600 1688  1
439 1691  1
173 1693  1
800 1693  1
1043 1694  1
548 1695  1
1611 1696  1
209 1698  1
919 1699  1
718 1701  1
98 1704  1
1234 1705  1
1501 1705  1
1582 1707  1
1066 1708  1
415 1714  1
1410 1718  1
1476 1720  1
679 1722  1
1509 1722  1
213 1726  1
515 1726  1
416 1729  1
939 1729  1
1541 1734  1
226 1735  1
1192 1735  1
169 1739  1
81 1744  1
1429 1745  1
478 1751  1
1535 1751  1
1519 1752  1
290 1759  1
1244 1775  1
887 1779  1
1121 1779  1
259 1781  1
404 1782  1
564 1783  1
1494 1783  1
479 1789  1
184 1792  1
1432 1794  1
944 1796  1
1256 1797  1
24 1803  1
829 1803  1
1717 1805  1
1428 1806  1
565 1807  1
1015 1809  1
1275 1813  1
965 1816  1
145 1822  1
1194 1822  1
1255 1824  1
685 1825  1
969 1826  1
1337 1826  1
1651 1826  1
388 1829  1
740 1830  1
1565 1835  1
296 1836  1
621 1836  1
902 1838  1
758 1839  1
1291 1839  1
154 1843  1
1090 1843  1
1192 1843  1
569 1846  1
1647 1846  1
552 1847  1
566 1847  1
202 1848  1
1361 1850  1
1825 1856  1
401 1862  1
1227 1864  1
1862 1866  1
1827 1869  1
1528 1871  1
262 1872  1
162 1873  1
388 1875  1
736 1875  1
102 1880  1
206 1880  1
1876 1883  1
273 1884  1
337 1885  1
854 1885  1
1482 1885  1
292 1886  1
532 1887  1
543 1887  1
1553 1889  1
1566 1889  1
914 1890  1
627 1891  1
1416 1893  1
808 1894  1
406 1896  1
519 1897  1
780 1897  1
1499 1898  1
1878 1900  1
638 1903  1
1758 1903  1
1376 1904  1
970 1913  1
410 1915  1
1144 1921  1
627 1925  1
484 1931  1
1513 1932  1
1365 1933  1
1001 1935  1
97 1938  1
1059 1943  1
436 1947  1
1152 1947  1
1715 1948  1
842 1949  1
1584 1949  1
1706 1950  1
1555 1951  1
1922 1951  1
372 1953  1
275 1954  1
1850 1955  1
86 1958  1
522 1958  1
1622 1958  1
1596 1965  1
1120 1967  1
507 1968  1
708 1968  1
1608 1968  1
320 1974  1
405 1977  1
423 1981  1
1118 1983  1
529 1986  1
162 1988  1
224 1988  1
1467 1989  1
1360 1990  1
157 1996  1
350 1996  1
1619 1998  1
1169 2001  1
1257 2001  1
1697 2001  1
723 2004  1
71 2005  1
908 2008  1
1898 2009  1
61 2010  1
465 2010  1
1055 2012  1
1926 2013  1
984 2014  1
1793 2020  1
1439 2022  1
779 2029  1
472 2031  1
1737 2031  1
527 2037  1
531 2037  1
1530 2037  1
1079 2038  1
31 2040  1
1724 2041  1
905 2043  1
38 2046  1
1370 2048  1
986 2050  1
1529 2052  1
973 2053  1
1122 2053  1
1322 2055  1
171 2058  1
1718 2060  1
1179 2063  1
384 2065  1
550 2065  1
888 2065  1
1696 2065  1
1731 2068  1
744 2073  1
1675 2073  1
980 2075  1
1857 2077  1
1054 2081  1
1422 2082  1
1312 2085  1
948 2090  1
1925 2092  1
727 2094  1
1803 2099  1
1862 2099  1
1892 2099  1
710 2102  1
1078 2102  1
997 2105  1
1561 2105  1
1800 2105  1
1950 2105  1
2045 2105  1
2035 2108  1
990 2109  1
220 2112  1
1471 2112  1
907 2113  1
476 2116  1
592 2116  1
1002 2118  1
1317 2121  1
800 2126  1
2004 2127  1
632 2128  1
936 2130  1
1646 2135  1
355 2137  1
1208 2137  1
1806 2138  1
437 2142  1
1781 2142  1
114 2143  1
881 2146  1
1372 2148  1
387 2153  1
1343 2153  1
1850 2156  1
846 2159  1
533 2160  1
386 2165  1
1940 2165  1
1892 2168  1
829 2169  1
254 2173  1
1161 2175  1
2139 2176  1
87 2178  1
1014 2179  1
11 2181  1
1466 2187  1
156 2189  1
1745 2190  1
66 2191  1
426 2192  1
484 2192  1
1047 2195  1
603 2198  1
2169 2199  1
984 2203  1
1122 2204  1
689 2207  1
1495 2211  1
286 2213  1
292 2214  1
333 2218  1
643 2222  1
1280 2222  1
1989 2222  1
1614 2225  1
1553 2226  1
792 2227  1
1345 2227  1
395 2234  1
1627 2236  1
164 2239  1
1724 2239  1
36 2240  1
902 2240  1
382 2242  1
942 2242  1
149 2243  1
373 2245  1
2142 2248  1
777 2249  1
980 2249  1
2176 2250  1
420 2252  1
2122 2253  1
583 2254  1
859 2256  1
2247 2259  1
869 2260  1
1732 2260  1
445 2261  1
1928 2261  1
1032 2262  1
1037 2269  1
1503 2270  1
285 2271  1
987 2272  1
2039 2279  1
784 2283  1
978 2285  1
1386 2285  1
1843 2285  1
271 2288  1
1525 2290  1
948 2291  1
2116 2292  1
588 2293  1
499 2296  1
1510 2296  1
1607 2297  1
1361 2299  1
10 2300  1
325 2302  1
1185 2302  1
1417 2302  1
1281 2305  1
672 2306  1
1084 2306  1
156 2309  1
1070 2309  1
1851 2309  1
2129 2311  1
343 2312  1
836 2312  1
2285 2316  1
287 2318  1
88 2321  1
1155 2325  1
849 2327  1
344 2328  1
508 2328  1
650 2329  1
189 2334  1
1042 2335  1
1437 2338  1
221 2344  1
2037 2345  1
1463 2347  1
1547 2351  1
1061 2354  1
1241 2356  1
1696 2363  1
1933 2364  1
377 2365  1
556 2366  1
1032 2366  1
190 2371  1
552 2371  1
1172 2372  1
20 2373  1
1630 2374  1
416 2376  1
1950 2376  1
2219 2383  1
1439 2385  1
1956 2385  1
564 2386  1
1178 2391  1
1229 2391  1
2177 2391  1
387 2392  1
947 2393  1
2237 2393  1
1128 2396  1
1071 2398  1
158 2401  1
1626 2401  1
2359 2401  1
1394 2407  1
744 2409  1
222 2413  1
942 2414  1
599 2418  1
1117 2420  1
2266 2421  1
220 2422  1
1122 2422  1
1355 2423  1
695 2424  1
768 2424  1
1051 2425  1
1162 2428  1
1223 2429  1
990 2430  1
1890 2431  1
181 2432  1
1381 2432  1
761 2433  1
444 2435  1
1282 2435  1
174 2439  1
2020 2439  1
1239 2440  1
23 2441  1
1279 2443  1
905 2444  1
318 2448  1
857 2449  1
379 2450  1
2349 2450  1
451 2451  1
862 2451  1
1277 2456  1
876 2459  1
1138 2461  1
1480 2462  1
545 2464  1
1696 2467  1
2404 2469  1
1419 2470  1
88 2472  1
108 2472  1
687 2473  1
507 2474  1
2449 2478  1
1836 2480  1
1033 2481  1
1177 2482  1
942 2483  1
1154 2483  1
218 2486  1
2310 2489  1
1035 2490  1
157 2491  1
2378 2491  1
1838 2493  1
691 2494  1
754 2494  1
970 2495  1
722 2496  1
2284 2498  1
436 2499  1
1870 2499  1
463 2501  1
402 2503  1
31 2511  1
755 2511  1
1899 2512  1
223 2514  1
1095 2515  1
1765 2519  1
388 2521  1
416 2521  1
541 2521  1
960 2521  1
2068 2521  1
2362 2521  1
380 2522  1
429 2522  1
2149 2522  1
2474 2522  1
2427 2525  1
1861 2526  1
1293 2527  1
2248 2527  1
527 2528  1
1165 2528  1
618 2531  1
517 2533  1
1361 2533  1
2385 2534  1
215 2535  1
347 2536  1
339 2540  1
854 2540  1
21 2541  1
2295 2541  1
144 2542  1
1696 2549  1
872 2552  1
380 2553  1
2499 2553  1
1331 2556  1
1783 2556  1
600 2557  1
2212 2559  1
1306 2560  1
2419 2561  1
1099 2562  1
1257 2562  1
2478 2562  1
2520 2562  1
1968 2563  1
1688 2564  1
491 2565  1
1729 2566  1
1522 2568  1
2412 2572  1
743 2573  1
2069 2574  1
2521 2576  1
1060 2577  1
2110 2577  1
1329 2578  1
1836 2579  1
2503 2580  1
1374 2583  1
584 2584  1
114 2586  1
1296 2587  1
548 2588  1
1076 2590  1
713 2591  1
794 2591  1
1735 2591  1
1681 2598  1
1781 2600  1
2220 2600  1
1160 2601  1
1382 2602  1
1268 2603  1
937 2604  1
1657 2606  1
115 2609  1
1719 2615  1
494 2616  1
1219 2616  1
1702 2617  1
662 2620  1
1509 2622  1
2127 2623  1
2419 2625  1
1973 2626  1
212 2627  1
317 2629  1
129 2630  1
198 2630  1
1404 2630  1
1736 2633  1
1857 2633  1
1050 2635  1
1855 2636  1
2483 2637  1
1476 2639  1
2338 2647  1
680 2650  1
976 2650  1
134 2651  1
94 2653  1
2015 2654  1
1964 2655  1
2325 2655  1
1128 2656  1
89 2657  1
1762 2657  1
1293 2658  1
127 2660  1
201 2660  1
274 2660  1
821 2660  1
166 2661  1
1270 2661  1
1027 2662  1
1037 2662  1
1219 2665  1
315 2668  1
2408 2668  1
9 2669  1
1424 2669  1
1650 2671  1
256 2672  1
2614 2676  1
795 2678  1
1138 2679  1
1722 2679  1
2209 2680  1
534 2682  1
1272 2682  1
2629 2683  1
968 2685  1
1589 2687  1
1684 2687  1
1881 2687  1
772 2689  1
944 2690  1
435 2691  1
1101 2692  1
2243 2692  1
51 2693  1
2301 2693  1
1317 2698  1
1743 2698  1
2029 2698  1
2677 2698  1
633 2699  1
1707 2700  1
2457 2701  1
669 2702  1
2245 2705  1
210 2706  1
2017 2706  1
419 2707  1
2273 2707  1
1774 2709  1
1373 2711  1
1246 2712  1
1559 2712  1
2380 2712  1
2115 2713  1
195 2715  1
380 2715  1
494 2715  1
633 2715  1
994 2715  1
2175 2715  1
106 2719  1
428 2719  1
1560 2719  1
1930 2720  1
800 2723  1
1802 2726  1
1996 2729  1
93 2730  1
1802 2733  1
1570 2734  1
2328 2737  1
2679 2738  1
913 2739  1
1157 2739  1
1813 2740  1
2017 2740  1
2579 2740  1
15 2742  1
730 2745  1
2544 2747  1
2374 2751  1
1385 2753  1
818 2755  1
2027 2758  1
1036 2759  1
903 2760  1
1181 2760  1
1294 2762  1
1771 2762  1
926 2764  1
999 2765  1
2305 2765  1
557 2768  1
1271 2768  1
1422 2769  1
1496 2769  1
1285 2771  1
2484 2771  1
1196 2773  1
1576 2773  1
2646 2773  1
1420 2777  1
1892 2778  1
1378 2780  1
978 2781  1
2228 2781  1
2642 2781  1
313 2785  1
459 2786  1
1412 2789  1
1222 2791  1
1619 2792  1
2422 2792  1
236 2793  1
1815 2794  1
2088 2795  1
1580 2796  1
265 2797  1
358 2799  1
1081 2799  1
1801 2802  1
2773 2802  1
900 2803  1
1025 2805  1
98 2807  1
1688 2808  1
2006 2809  1
2543 2810  1
557 2811  1
1268 2812  1
792 2813  1
194 2814  1
1077 2816  1
1834 2822  1
903 2823  1
1748 2823  1
1770 2824  1
2699 2824  1
1189 2825  1
2699 2826  1
1578 2829  1
1453 2831  1
1462 2832  1
65 2834  1
78 2834  1
986 2837  1
1955 2840  1
2767 2840  1
270 2841  1
2389 2841  1
2460 2843  1
414 2847  1
1288 2847  1
1352 2847  1
874 2848  1
874 2852  1
2541 2853  1
469 2854  1
2828 2855  1
132 2856  1
91 2861  1
2795 2863  1
263 2865  1
1050 2865  1
1538 2865  1
1647 2867  1
976 2868  1
1294 2873  1
2548 2874  1
986 2875  1
1348 2877  1
1809 2879  1
396 2880  1
2665 2881  1
2095 2882  1
1645 2884  1
1065 2886  1
2104 2887  1
2595 2888  1
794 2890  1
1690 2890  1
62 2893  1
365 2894  1
2142 2895  1
1515 2896  1
1954 2897  1
2514 2897  1
537 2899  1
2207 2899  1
1262 2901  1
1743 2902  1
2009 2903  1
468 2910  1
1490 2911  1
2674 2912  1
896 2914  1
2432 2915  1
2194 2916  1
2014 2917  1
2073 2917  1
2916 2920  1
699 2922  1
402 2923  1
30 2924  1
2299 2928  1
1790 2929  1
1753 2930  1
232 2932  1
1428 2933  1
1296 2934  1
202 2936  1
2114 2936  1
2275 2937  1
1932 2939  1
418 2940  1
1534 2942  1
2644 2942  1
850 2943  1
2109 2944  1
101 2945  1
1869 2945  1
132 2946  1
137 2949  1
1846 2952  1
1067 2953  1
22 2954  1
791 2954  1
839 2957  1
1317 2958  1
1635 2959  1
430 2960  1
478 2961  1
2271 2962  1
2763 2962  1
2526 2965  1
2247 2967  1
2435 2971  1
2699 2971  1
2057 2975  1
261 2976  1
1954 2979  1
825 2981  1
495 2985  1
966 2988  1
1992 2988  1
445 2990  1
471 2990  1
536 2991  1
605 2992  1
703 2992  1
1977 2992  1
2798 2992  1
68 2995  1
46 2997  1
797 2999  1
823 3000  1
1983 3001  1
332 3003  1
1414 3003  1
726 3004  1
2279 3006  1
456 3010  1
341 3011  1
2134 3013  1
2867 3016  1
707 3017  1
609 3018  1
660 3018  1
1184 3018  1
1873 3023  1
2469 3027  1
2968 3027  1
1971 3028  1
2024 3028  1
2202 3028  1
1836 3030  1
2114 3030  1
1932 3031  1
2957 3032  1
1948 3033  1
2907 3034  1
2458 3036  1
2588 3036  1
180 3040  1
570 3040  1
756 3040  1
1999 3041  1
1352 3044  1
216 3047  1
1987 3048  1
1321 3050  1
1893 3050  1
2276 3050  1
2768 3050  1
1216 3051  1
2464 3051  1
370 3053  1
2775 3055  1
1538 3058  1
27 3059  1
2132 3059  1
2953 3059  1
1211 3060  1
1446 3062  1
1877 3063  1
1894 3063  1
2686 3064  1
1299 3065  1
556 3071  1
2631 3073  1
1316 3075  1
2595 3075  1
1865 3078  1
2092 3079  1
2879 3079  1
1703 3080  1
557 3083  1
111 3086  1
2256 3086  1
1981 3089  1
2830 3089  1
1964 3090  1
898 3091  1
627 3092  1
2794 3092  1
875 3093  1
3057 3094  1
1786 3095  1
1963 3095  1
2235 3095  1
2468 3097  1
59 3099  1
672 3099  1
2016 3100  1
1212 3103  1
1099 3104  1
1338 3104  1
2330 3105  1
1813 3106  1
1575 3107  1
1570 3108  1
1453 3111  1
626 3112  1
871 3112  1
2651 3112  1
1671 3113  1
4 3115  1
2757 3117  1
2603 3118  1
632 3119  1
1771 3119  1
2013 3119  1
956 3125  1
893 3129  1
1793 3130  1
1574 3132  1
1883 3132  1
2657 3134  1
1450 3136  1
1564 3137  1
1015 3138  1
477 3142  1
903 3142  1
1303 3142  1
3123 3142  1
2930 3147  1
2192 3149  1
1515 3150  1
1101 3151  1
2018 3151  1
2611 3151  1
2683 3151  1
665 3155  1
922 3156  1
1088 3161  1
3154 3162  1
2365 3166  1
2345 3172  1
3144 3172  1
93 3177  1
1804 3177  1
2079 3178  1
2104 3178  1
1443 3179  1
1017 3180  1
683 3183  1
3152 3183  1
758 3184  1
437 3185  1
75 3188  1
2404 3188  1
2525 3188  1
677 3189  1
1258 3190  1
2831 3191  1
121 3192  1
1583 3192  1
2339 3192  1
329 3193  1
340 3193  1
685 3193  1
3094 3193  1
39 3197  1
320 3199  1
811 3199  1
2389 3199  1
214 3202  1
1155 3202  1
2505 3203  1
1285 3204  1
473 3206  1
2785 3207  1
2443 3209  1
2900 3209  1
1943 3210  1
2951 3211  1
709 3212  1
1049 3213  1
1644 3215  1
1803 3217  1
2809 3217  1
1441 3219  1
1248 3220  1
2907 3221  1
3218 3222  1
2153 3234  1
2286 3235  1
194 3236  1
1991 3236  1
2505 3236  1
1121 3237  1
676 3238  1
1101 3239  1
1448 3241  1
2257 3243  1
1915 3244  1
56 3245  1
1402 3246  1
2226 3246  1
561 3247  1
11 3249  1
1495 3249  1
385 3250  1
1941 3251  1
2838 3252  1
120 3253  1
3149 3255  1
2829 3259  1
2528 3262  1
380 3263  1
201 3265  1
415 3266  1
3103 3267  1
113 3268  1
315 3268  1
1505 3268  1
689 3269  1
707 3271  1
1643 3271  1
2759 3271  1
1500 3274  1
11 3276  1
1361 3280  1
127 3283  1
2134 3284  1
2558 3285  1
2678 3286  1
205 3287  1
945 3287  1
2504 3287  1
1065 3288  1
1823 3288  1
373 3290  1
1725 3291  1
2092 3291  1
1158 3294  1
597 3296  1
1929 3297  1
984 3299  1
2536 3302  1
2542 3302  1
2801 3303  1
288 3304  1
2633 3304  1
3183 3304  1
928 3306  1
1811 3307  1
2466 3307  1
1391 3312  1
377 3313  1
2752 3314  1
677 3315  1
2572 3316  1
2716 3317  1
2861 3317  1
283 3318  1
2682 3319  1
717 3320  1
1631 3320  1
805 3322  1
2753 3322  1
2913 3323  1
1071 3324  1
3295 3326  1
427 3328  1
1030 3328  1
1665 3330  1
2656 3330  1
802 3331  1
2766 3331  1
472 3332  1
2389 3332  1
3011 3332  1
988 3334  1
2550 3334  1
2743 3334  1
974 3335  1
1236 3335  1
301 3336  1
705 3336  1
372 3337  1
724 3338  1
96 3342  1
849 3342  1
1617 3344  1
1676 3344  1
1783 3344  1
3004 3344  1
2093 3345  1
2203 3345  1
1073 3346  1
2233 3346  1
2156 3348  1
205 3353  1
2298 3353  1
2028 3354  1
1530 3355  1
755 3356  1
573 3358  1
1834 3358  1
2397 3358  1
846 3361  1
438 3362  1
881 3364  1
1351 3364  1
836 3366  1
2367 3366  1
3092 3366  1
292 3367  1
2274 3368  1
3114 3368  1
2104 3369  1
2961 3372  1
3056 3372  1
1711 3374  1
2561 3377  1
446 3379  1
2606 3380  1
2745 3380  1
2814 3380  1
1149 3381  1
1954 3382  1
3179 3384  1
2937 3388  1
1633 3389  1
1609 3390  1
2071 3390  1
2016 3391  1
1390 3392  1
1683 3392  1
3258 3394  1
402 3395  1
1839 3395  1
2763 3395  1
929 3396  1
2986 3398  1
588 3399  1
3226 3400  1
1986 3401  1
1655 3402  1
2994 3403  1
1378 3405  1
2505 3405  1
1216 3408  1
1429 3409  1
107 3411  1
843 3416  1
1817 3417  1
2432 3418  1
2163 3420  1
2271 3421  1
1928 3422  1
608 3423  1
685 3424  1
1160 3424  1
1021 3425  1
1178 3425  1
1621 3425  1
2327 3425  1
2292 3426  1
1740 3427  1
2252 3427  1
149 3428  1
926 3428  1
1357 3428  1
313 3429  1
650 3429  1
1986 3430  1
2499 3433  1
697 3436  1
999 3436  1
3312 3438  1
1796 3440  1
2894 3440  1
2235 3441  1
1390 3443  1
1645 3443  1
2734 3444  1
71 3446  1
2257 3446  1
1423 3451  1
169 3454  1
1733 3455  1
3326 3455  1
343 3458  1
1728 3459  1
1915 3459  1
279 3462  1
1884 3463  1
731 3467  1
3362 3467  1
2559 3468  1
279 3469  1
2337 3471  1
1176 3473  1
377 3474  1
2586 3478  1
2479 3479  1
497 3480  1
3142 3480  1
2606 3481  1
412 3483  1
1762 3483  1
3338 3484  1
404 3486  1
2598 3486  1
2515 3487  1
2822 3487  1
476 3489  1
864 3489  1
3045 3489  1
3218 3494  1
2307 3495  1
484 3497  1
2840 3497  1
1090 3499  1
905 3500  1
2832 3500  1
771 3501  1
847 3501  1
3306 3501  1
41 3503  1
2472 3503  1
3216 3503  1
3217 3503  1
3199 3504  1
310 3505  1
457 3505  1
2465 3506  1
2629 3507  1
2435 3509  1
993 3510  1
1658 3510  1
146 3511  1
1120 3514  1
1729 3515  1
3047 3515  1
347 3516  1
2332 3516  1
2803 3517  1
1490 3518  1
1699 3522  1
418 3524  1
1782 3524  1
3513 3527  1
2610 3529  1
3468 3530  1
2809 3531  1
332 3532  1
1292 3532  1
2072 3533  1
2959 3533  1
68 3534  1
1581 3535  1
426 3536  1
1082 3536  1
3190 3536  1
926 3541  1
3303 3542  1
3397 3542  1
3021 3543  1
391 3544  1
1380 3544  1
2947 3544  1
2727 3547  1
3174 3548  1
1205 3550  1
555 3551  1
2722 3552  1
2355 3553  1
25 3556  1
995 3556  1
2010 3556  1
2395 3556  1
574 3557  1
1453 3557  1
164 3560  1
921 3560  1
1953 3560  1
2389 3560  1
573 3561  1
3203 3561  1
1116 3563  1
1169 3564  1
2691 3565  1
3511 3566  1
2648 3567  1
1299 3568  1
2113 3568  1
17 3569  1
250 3570  1
2831 3570  1
2877 3571  1
2994 3571  1
1330 3572  1
744 3574  1
2395 3574  1
477 3576  1
2111 3576  1
2049 3580  1
2669 3580  1
286 3582  1
167 3585  1
757 3585  1
847 3585  1
468 3587  1
1634 3587  1
2059 3587  1
176 3591  1
3582 3591  1
377 3592  1
1835 3593  1
2321 3594  1
2966 3596  1
1129 3600  1
1896 3601  1
3386 3601  1
1563 3602  1
2690 3604  1
1649 3605  1
1826 3607  1
2590 3607  1
143 3610  1
834 3610  1
3412 3610  1
1102 3612  1
3399 3612  1
205 3613  1
2628 3613  1
1117 3614  1
297 3615  1
2664 3615  1
1480 3618  1
2054 3619  1
323 3620  1
1153 3620  1
2850 3620  1
1656 3621  1
1871 3621  1
622 3622  1
2342 3622  1
3459 3623  1
289 3625  1
423 3625  1
3421 3625  1
1434 3627  1
420 3628  1
1473 3628  1
2540 3628  1
1839 3629  1
1016 3630  1
1848 3630  1
1938 3630  1
3543 3630  1
2790 3632  1
2823 3632  1
679 3633  1
2929 3633  1
863 3635  1
2608 3635  1
2074 3636  1
2092 3638  1
2297 3639  1
3634 3640  1
3205 3641  1
622 3642  1
2049 3643  1
2128 3643  1
1261 3644  1
2780 3645  1
146 3647  1
2448 3647  1
1755 3651  1
3537 3652  1
834 3654  1
3606 3655  1
1350 3656  1
2948 3656  1
1366 3658  1
3393 3658  1
1804 3661  1
2529 3661  1
895 3662  1
492 3663  1
3379 3664  1
3464 3664  1
1475 3665  1
1741 3667  1
2226 3669  1
661 3670  1
1684 3675  1
2674 3680  1
2504 3683  1
78 3686  1
3487 3687  1
1239 3690  1
1971 3690  1
2362 3690  1
2435 3690  1
1691 3691  1
3412 3691  1
1967 3693  1
863 3694  1
1197 3695  1
3352 3695  1
247 3696  1
3339 3696  1
1717 3698  1
989 3699  1
3537 3700  1
1352 3702  1
2637 3702  1
2736 3702  1
2915 3702  1
758 3703  1
520 3707  1
3701 3707  1
27 3708  1
1066 3708  1
1751 3708  1
3334 3708  1
1150 3709  1
1361 3710  1
1993 3710  1
3042 3710  1
703 3713  1
722 3714  1
2533 3714  1
385 3715  1
466 3715  1
82 3716  1
3233 3716  1
3361 3716  1
555 3717  1
272 3718  1
1687 3718  1
2528 3718  1
2101 3725  1
1557 3726  1
3406 3726  1
613 3727  1
1804 3727  1
2010 3727  1
2461 3727  1
1220 3728  1
2025 3728  1
628 3730  1
904 3730  1
1938 3731  1
1593 3733  1
3489 3734  1
752 3736  1
2857 3736  1
96 3739  1
353 3739  1
59 3740  1
948 3741  1
2108 3742  1
1045 3744  1
3094 3745  1
3310 3745  1
2557 3746  1
3333 3746  1
3498 3747  1
569 3748  1
2285 3748  1
193 3749  1
2875 3750  1
3119 3750  1
1603 3753  1
259 3755  1
2073 3755  1
2689 3755  1
2369 3757  1
112 3759  1
2259 3759  1
36 3760  1
2392 3764  1
802 3765  1
2252 3765  1
388 3766  1
634 3766  1
3316 3770  1
3708 3770  1
1858 3772  1
2168 3774  1
1444 3776  1
526 3778  1
1140 3782  1
977 3783  1
1243 3786  1
2350 3786  1
2786 3787  1
3191 3787  1
746 3788  1
1515 3788  1
3084 3788  1
718 3789  1
2493 3789  1
839 3790  1
1859 3791  1
2270 3792  1
3758 3792  1
3014 3793  1
1310 3794  1
1347 3795  1
473 3797  1
790 3797  1
3033 3797  1
1800 3798  1
3051 3798  1
3364 3798  1
540 3799  1
3449 3799  1
890 3800  1
899 3800  1
2994 3801  1
3408 3801  1
2938 3802  1
3651 3809  1
2021 3811  1
3234 3813  1
1865 3816  1
2030 3816  1
826 3817  1
1574 3817  1
1763 3819  1
2086 3820  1
2496 3820  1
369 3825  1
849 3825  1
3068 3826  1
322 3827  1
1697 3827  1
2291 3827  1
2166 3828  1
2398 3828  1
107 3829  1
401 3831  1
2736 3834  1
3587 3834  1
328 3835  1
3436 3835  1
2100 3836  1
3190 3836  1
1961 3837  1
3267 3837  1
3528 3837  1
2131 3839  1
3790 3839  1
2189 3840  1
2049 3841  1
2686 3841  1
2797 3842  1
3072 3842  1
3076 3846  1
3425 3846  1
2140 3847  1
3420 3850  1
1404 3851  1
2392 3851  1
157 3852  1
962 3852  1
2240 3852  1
3392 3853  1
3768 3854  1
2059 3855  1
2088 3855  1
3152 3855  1
2311 3856  1
29 3857  1
2867 3858  1
337 3860  1
3266 3861  1
249 3866  1
1330 3868  1
1591 3868  1
328 3869  1
1949 3869  1
73 3870  1
1023 3870  1
2781 3870  1
3811 3870  1
3127 3871  1
498 3874  1
3758 3875  1
1547 3877  1
2695 3879  1
2188 3880  1
313 3881  1
308 3883  1
1126 3883  1
1327 3883  1
1999 3883  1
2621 3886  1
845 3888  1
1759 3891  1
3359 3892  1
440 3893  1
789 3893  1
1533 3893  1
2493 3893  1
1310 3896  1
3402 3896  1
393 3897  1
1263 3897  1
3057 3897  1
1033 3898  1
1145 3898  1
552 3899  1
1600 3899  1
2980 3899  1
839 3900  1
1539 3902  1
2392 3902  1
3753 3902  1
605 3904  1
1031 3904  1
3535 3904  1
790 3905  1
1854 3907  1
1781 3908  1
3908 3909  1
1053 3912  1
2239 3912  1
2648 3914  1
589 3915  1
2878 3916  1
3765 3917  1
2103 3919  1
3420 3920  1
3614 3920  1
2872 3921  1
1012 3925  1
2244 3925  1
1855 3928  1
1948 3929  1
1971 3929  1
305 3931  1
3629 3931  1
3329 3934  1
111 3935  1
1260 3935  1
2832 3936  1
1960 3937  1
3851 3937  1
172 3938  1
80 3939  1
1583 3941  1
2312 3941  1
2560 3942  1
2964 3942  1
3062 3942  1
579 3945  1
2506 3945  1
874 3946  1
1161 3948  1
1764 3948  1
2372 3948  1
1244 3951  1
2156 3953  1
2568 3953  1
551 3954  1
1229 3954  1
1825 3954  1
3327 3955  1
1956 3956  1
2741 3956  1
659 3959  1
322 3962  1
2643 3962  1
3715 3962  1
1942 3963  1
2041 3964  1
3348 3965  1
2536 3966  1
790 3967  1
3450 3967  1
2082 3969  1
434 3970  1
1188 3972  1
1825 3972  1
1476 3974  1
1949 3974  1
2616 3975  1
3627 3975  1
325 3976  1
1130 3976  1
1679 3977  1
2831 3979  1
1809 3981  1
2667 3982  1
1585 3987  1
1995 3987  1
1268 3989  1
2312 3989  1
1666 3991  1
3588 3992  1
575 3993  1
3078 3995  1
532 3996  1
2121 3998  1
1208 4000  1
1820 4000  1
