%%MatrixMarket matrix coordinate real general
% Generated 13-Mar-2013
6000 6000 3012
21 93  1
57 111  1
75 187  1
68 209  1
39 269  1
55 273  1
264 290  1
68 333  1
259 338  1
312 342  1
218 348  1
341 359  1
179 367  1
322 396  1
280 476  1
160 480  1
424 487  1
338 500  1
349 501  1
7 505  1
148 523  1
216 528  1
16 531  1
441 562  1
558 564  1
521 581  1
467 590  1
419 594  1
362 613  1
303 616  1
249 622  1
386 640  1
565 648  1
425 668  1
348 689  1
407 691  1
445 695  1
562 731  1
145 736  1
370 763  1
383 766  1
98 781  1
446 782  1
51 784  1
207 809  1
756 812  1
238 830  1
207 831  1
63 832  1
140 833  1
325 846  1
10 858  1
612 864  1
730 870  1
270 874  1
50 876  1
433 891  1
830 897  1
767 902  1
507 939  1
617 939  1
607 940  1
456 943  1
438 945  1
663 953  1
782 954  1
448 957  1
609 960  1
242 967  1
631 967  1
220 969  1
890 969  1
314 973  1
615 975  1
810 975  1
275 979  1
574 984  1
277 987  1
746 1011  1
950 1024  1
110 1027  1
435 1033  1
760 1033  1
700 1035  1
529 1039  1
293 1041  1
478 1042  1
738 1059  1
52 1067  1
246 1072  1
983 1073  1
557 1078  1
619 1094  1
649 1098  1
357 1102  1
147 1111  1
1105 1112  1
622 1128  1
426 1138  1
551 1147  1
373 1153  1
607 1161  1
413 1170  1
288 1172  1
794 1173  1
738 1174  1
561 1178  1
681 1181  1
4 1191  1
1133 1192  1
445 1194  1
435 1205  1
475 1205  1
339 1208  1
733 1209  1
142 1211  1
22 1214  1
421 1214  1
190 1217  1
690 1224  1
53 1228  1
81 1230  1
311 1230  1
965 1232  1
1132 1233  1
573 1234  1
295 1238  1
578 1238  1
998 1240  1
593 1241  1
845 1258  1
1136 1259  1
944 1262  1
889 1280  1
643 1283  1
567 1289  1
963 1294  1
157 1302  1
723 1308  1
144 1329  1
448 1332  1
410 1337  1
736 1339  1
595 1344  1
1057 1351  1
1021 1354  1
1305 1358  1
1121 1380  1
911 1381  1
411 1392  1
175 1401  1
1113 1404  1
1316 1405  1
1162 1408  1
206 1412  1
591 1416  1
579 1419  1
393 1423  1
407 1425  1
854 1428  1
1146 1433  1
1168 1435  1
547 1441  1
269 1451  1
164 1465  1
532 1468  1
1236 1468  1
366 1475  1
1410 1480  1
533 1481  1
1239 1485  1
1353 1485  1
764 1489  1
1311 1489  1
1425 1492  1
932 1502  1
1464 1503  1
885 1504  1
888 1504  1
313 1508  1
296 1521  1
329 1526  1
186 1527  1
958 1527  1
494 1528  1
1383 1529  1
1460 1530  1
277 1542  1
733 1542  1
1351 1545  1
1515 1547  1
1022 1550  1
933 1552  1
430 1557  1
992 1560  1
1074 1560  1
1028 1565  1
1556 1568  1
353 1579  1
39 1580  1
314 1582  1
922 1582  1
798 1587  1
1324 1592  1
666 1605  1
1447 1607  1
788 1619  1
1014 1620  1
999 1621  1
463 1624  1
1123 1624  1
1218 1625  1
514 1634  1
573 1634  1
495 1637  1
979 1639  1
768 1645  1
867 1647  1
632 1651  1
404 1655  1
999 1658  1
88 1660  1
373 1661  1
735 1661  1
951 1662  1
1000 1664  1
1479 1664  1
811 1666  1
99 1669  1
1538 1671  1
901 1673  1
267 1675  1
1280 1677  1
1681 1682  1
241 1692  1
264 1694  1
359 1697  1
409 1701  1
289 1714  1
1308 1718  1
1573 1720  1
1468 1722  1
467 1726  1
1061 1729  1
1690 1738  1
923 1748  1
659 1754  1
1643 1755  1
516 1758  1
696 1759  1
1337 1760  1
520 1761  1
693 1769  1
140 1775  1
1150 1779  1
442 1782  1
1510 1798  1
1470 1802  1
181 1804  1
548 1824  1
750 1824  1
1135 1824  1
437 1825  1
1747 1829  1
1050 1830  1
1440 1833  1
1766 1844  1
128 1850  1
580 1851  1
215 1854  1
828 1857  1
844 1859  1
333 1861  1
1413 1864  1
178 1865  1
1536 1870  1
734 1871  1
871 1876  1
1161 1881  1
1355 1887  1
1087 1890  1
993 1892  1
522 1894  1
1806 1894  1
223 1895  1
388 1896  1
1742 1900  1
22 1902  1
713 1906  1
1728 1910  1
1786 1911  1
907 1916  1
1858 1921  1
836 1926  1
672 1927  1
1514 1933  1
869 1953  1
113 1957  1
1624 1961  1
1821 1963  1
244 1968  1
982 1970  1
1854 1970  1
1906 1972  1
1509 1978  1
941 1982  1
1780 1984  1
107 1986  1
67 1992  1
115 1993  1
65 1995  1
1770 1998  1
1918 1999  1
282 2001  1
352 2005  1
359 2013  1
1286 2018  1
466 2024  1
551 2025  1
1017 2036  1
1614 2036  1
550 2039  1
1354 2040  1
845 2045  1
445 2048  1
1422 2049  1
1370 2051  1
447 2060  1
288 2061  1
856 2063  1
824 2064  1
174 2065  1
1685 2068  1
1796 2078  1
1223 2079  1
647 2082  1
1156 2082  1
1423 2082  1
1460 2082  1
995 2083  1
2084 2094  1
1476 2097  1
344 2098  1
225 2101  1
297 2109  1
1492 2111  1
704 2112  1
1505 2114  1
1535 2125  1
1859 2130  1
1026 2134  1
1992 2134  1
1138 2137  1
1014 2138  1
85 2143  1
299 2143  1
1818 2143  1
1987 2148  1
807 2159  1
519 2165  1
1944 2166  1
1453 2171  1
1992 2173  1
883 2174  1
1128 2174  1
1931 2178  1
1304 2179  1
2035 2180  1
850 2181  1
182 2185  1
2166 2188  1
188 2189  1
493 2189  1
1549 2190  1
556 2192  1
683 2196  1
1844 2197  1
1534 2207  1
1423 2208  1
1078 2209  1
1545 2209  1
2191 2213  1
1750 2217  1
1499 2218  1
1026 2219  1
963 2222  1
80 2225  1
1397 2230  1
967 2231  1
1868 2236  1
1169 2241  1
1079 2242  1
1086 2242  1
1752 2250  1
483 2255  1
1070 2257  1
1754 2263  1
890 2264  1
2032 2269  1
1782 2271  1
528 2275  1
660 2278  1
1824 2279  1
1150 2280  1
528 2285  1
2253 2286  1
1881 2287  1
2276 2289  1
1384 2290  1
1303 2293  1
346 2295  1
278 2296  1
905 2300  1
58 2305  1
1160 2305  1
1698 2308  1
270 2309  1
944 2319  1
572 2320  1
2082 2326  1
178 2330  1
401 2334  1
1108 2337  1
449 2338  1
1736 2338  1
1407 2341  1
1928 2344  1
178 2345  1
645 2346  1
1485 2347  1
1825 2352  1
716 2359  1
2301 2366  1
458 2367  1
1556 2370  1
2063 2375  1
13 2377  1
1872 2379  1
993 2380  1
1274 2380  1
1074 2382  1
489 2384  1
275 2389  1
1930 2397  1
1647 2398  1
1650 2399  1
1607 2403  1
63 2405  1
46 2410  1
1843 2413  1
2272 2421  1
1554 2426  1
567 2429  1
331 2430  1
1229 2436  1
2166 2438  1
1865 2439  1
2427 2441  1
1655 2450  1
570 2451  1
957 2451  1
1055 2452  1
355 2454  1
1369 2454  1
624 2455  1
1332 2459  1
774 2460  1
747 2470  1
469 2472  1
1792 2474  1
1209 2480  1
2379 2485  1
210 2486  1
265 2489  1
632 2489  1
1684 2492  1
1972 2492  1
1451 2496  1
1732 2496  1
2468 2498  1
1451 2502  1
204 2503  1
1593 2504  1
1541 2506  1
266 2509  1
676 2511  1
1785 2511  1
1614 2512  1
2298 2518  1
296 2519  1
1968 2519  1
2298 2521  1
805 2524  1
1733 2524  1
2507 2526  1
276 2527  1
999 2527  1
2030 2527  1
819 2528  1
34 2529  1
148 2529  1
1104 2532  1
2251 2534  1
2530 2534  1
46 2536  1
2128 2536  1
682 2539  1
1551 2543  1
663 2548  1
456 2549  1
159 2550  1
1685 2551  1
515 2564  1
1589 2564  1
1742 2564  1
2202 2564  1
820 2565  1
1988 2572  1
2374 2572  1
138 2589  1
1319 2589  1
1631 2590  1
1842 2591  1
119 2596  1
1422 2598  1
1618 2599  1
1919 2600  1
91 2602  1
1634 2604  1
560 2605  1
1700 2605  1
2146 2613  1
2547 2614  1
2483 2615  1
555 2616  1
557 2621  1
1862 2624  1
1862 2626  1
2617 2632  1
1869 2634  1
1338 2645  1
570 2647  1
2320 2647  1
1384 2654  1
1197 2655  1
1279 2657  1
1171 2659  1
1643 2662  1
84 2663  1
503 2663  1
226 2665  1
322 2666  1
833 2668  1
2416 2668  1
2440 2671  1
1587 2674  1
1696 2674  1
2443 2674  1
48 2678  1
1223 2679  1
774 2682  1
1628 2684  1
1351 2686  1
1432 2689  1
487 2690  1
1996 2690  1
2373 2694  1
2246 2695  1
847 2696  1
1809 2696  1
239 2698  1
1458 2699  1
2107 2700  1
1247 2704  1
1031 2705  1
1240 2706  1
1251 2707  1
844 2709  1
1274 2713  1
2467 2717  1
2679 2721  1
1858 2723  1
451 2727  1
581 2727  1
2704 2727  1
178 2728  1
927 2732  1
591 2733  1
1254 2741  1
2084 2741  1
106 2742  1
2369 2742  1
2286 2743  1
1795 2747  1
1123 2748  1
2635 2748  1
2275 2751  1
713 2755  1
196 2756  1
724 2767  1
1339 2770  1
39 2771  1
2221 2771  1
922 2776  1
1548 2779  1
414 2782  1
876 2782  1
367 2786  1
2769 2789  1
1372 2791  1
945 2792  1
1932 2792  1
2555 2792  1
390 2795  1
531 2798  1
2355 2798  1
213 2800  1
219 2800  1
347 2800  1
2608 2800  1
622 2801  1
685 2801  1
710 2803  1
1262 2803  1
1037 2804  1
1002 2805  1
2187 2811  1
92 2815  1
2492 2815  1
510 2816  1
1074 2816  1
1689 2820  1
1183 2822  1
708 2823  1
1075 2824  1
1513 2827  1
1371 2828  1
1768 2828  1
1209 2832  1
2610 2832  1
1889 2835  1
2538 2836  1
2187 2837  1
2583 2838  1
1314 2839  1
1584 2839  1
1504 2840  1
378 2841  1
246 2845  1
2167 2846  1
4 2848  1
1030 2848  1
882 2849  1
93 2851  1
2384 2851  1
2777 2854  1
826 2855  1
828 2859  1
288 2860  1
1107 2860  1
87 2861  1
768 2861  1
737 2862  1
2840 2866  1
1076 2867  1
469 2873  1
2664 2876  1
2880 2883  1
2750 2884  1
2095 2886  1
975 2890  1
2059 2893  1
1886 2900  1
841 2903  1
1722 2903  1
859 2905  1
2476 2908  1
515 2912  1
995 2913  1
2347 2913  1
2477 2915  1
2229 2917  1
869 2919  1
327 2921  1
1875 2924  1
1913 2924  1
504 2925  1
1919 2925  1
928 2930  1
397 2936  1
1264 2938  1
2794 2946  1
472 2948  1
797 2948  1
39 2950  1
678 2951  1
681 2951  1
943 2952  1
2072 2955  1
1424 2959  1
2844 2962  1
529 2963  1
1758 2965  1
1309 2966  1
1332 2967  1
2406 2967  1
2768 2967  1
246 2972  1
1764 2972  1
2011 2972  1
278 2973  1
370 2973  1
1652 2973  1
2619 2977  1
2669 2978  1
1328 2980  1
1775 2982  1
2177 2982  1
257 2984  1
148 2985  1
1146 2990  1
1467 2993  1
2135 2993  1
1455 2994  1
234 2997  1
1279 2998  1
88 3004  1
812 3004  1
25 3008  1
284 3008  1
1868 3009  1
464 3012  1
1061 3013  1
1863 3015  1
2083 3020  1
2262 3020  1
2664 3023  1
2169 3030  1
1502 3031  1
1258 3036  1
1861 3043  1
1428 3047  1
225 3048  1
1842 3050  1
2238 3051  1
300 3054  1
2395 3055  1
2515 3056  1
2588 3057  1
61 3058  1
384 3058  1
2790 3067  1
1807 3073  1
2435 3075  1
1254 3077  1
1147 3081  1
1674 3082  1
1045 3084  1
2697 3087  1
813 3089  1
941 3094  1
385 3095  1
1039 3095  1
1673 3097  1
2379 3099  1
182 3101  1
1906 3101  1
1809 3103  1
660 3106  1
2247 3108  1
2081 3109  1
650 3111  1
2917 3113  1
331 3116  1
2476 3118  1
2819 3119  1
1683 3122  1
1193 3123  1
125 3124  1
869 3129  1
2579 3132  1
2975 3136  1
582 3137  1
1889 3140  1
167 3143  1
2854 3143  1
358 3144  1
1942 3145  1
2618 3146  1
1968 3148  1
1059 3150  1
1826 3150  1
1804 3153  1
2637 3155  1
2153 3156  1
1392 3160  1
911 3161  1
505 3168  1
1300 3171  1
1025 3172  1
1331 3172  1
2518 3173  1
560 3174  1
2041 3175  1
345 3176  1
331 3179  1
507 3179  1
1241 3179  1
2010 3180  1
356 3186  1
1069 3190  1
1695 3190  1
3088 3193  1
373 3197  1
1447 3197  1
566 3198  1
2608 3199  1
3187 3200  1
1409 3203  1
578 3205  1
1762 3205  1
1233 3206  1
2671 3206  1
1839 3211  1
1896 3214  1
2886 3214  1
2061 3216  1
3146 3216  1
15 3217  1
1456 3217  1
2445 3218  1
2639 3219  1
1387 3223  1
973 3232  1
1889 3232  1
2799 3233  1
2987 3233  1
1566 3234  1
1802 3236  1
2273 3237  1
2337 3237  1
107 3240  1
326 3240  1
18 3242  1
583 3242  1
633 3243  1
87 3245  1
2050 3246  1
3212 3247  1
992 3248  1
523 3249  1
532 3250  1
9 3252  1
2281 3253  1
2114 3254  1
860 3256  1
1898 3258  1
1727 3262  1
1853 3263  1
2325 3263  1
1632 3267  1
1138 3269  1
642 3270  1
400 3271  1
3097 3271  1
547 3273  1
844 3273  1
1018 3273  1
1717 3274  1
1767 3274  1
3011 3274  1
1470 3275  1
1725 3275  1
1478 3277  1
883 3283  1
2585 3288  1
1877 3290  1
1227 3298  1
2856 3299  1
2881 3303  1
1769 3305  1
1665 3309  1
3092 3309  1
1070 3313  1
2862 3313  1
3194 3313  1
557 3315  1
2491 3315  1
1688 3317  1
896 3319  1
1788 3319  1
643 3320  1
2133 3320  1
1457 3322  1
1126 3323  1
278 3325  1
2753 3325  1
2623 3326  1
207 3330  1
540 3335  1
2072 3337  1
3101 3338  1
1828 3343  1
325 3344  1
353 3345  1
63 3346  1
1108 3348  1
1504 3350  1
1839 3351  1
418 3353  1
1413 3353  1
2637 3354  1
2034 3357  1
2938 3358  1
291 3359  1
531 3359  1
2818 3361  1
515 3362  1
2779 3365  1
1020 3368  1
2585 3368  1
1568 3373  1
3287 3374  1
1580 3375  1
2281 3377  1
822 3380  1
436 3385  1
1104 3386  1
2721 3387  1
853 3388  1
2453 3388  1
1501 3389  1
634 3392  1
2803 3394  1
2883 3394  1
1903 3398  1
117 3399  1
2120 3399  1
3234 3401  1
465 3402  1
1422 3402  1
1082 3404  1
1243 3411  1
1641 3412  1
2191 3412  1
48 3414  1
323 3416  1
434 3416  1
1716 3418  1
575 3420  1
2413 3422  1
254 3424  1
132 3425  1
1354 3427  1
2814 3428  1
210 3430  1
2470 3431  1
2784 3431  1
752 3433  1
1800 3433  1
3267 3433  1
2605 3434  1
584 3437  1
889 3437  1
1928 3443  1
3225 3443  1
849 3444  1
1314 3445  1
1795 3452  1
1133 3460  1
569 3461  1
632 3461  1
1434 3461  1
609 3462  1
3017 3462  1
3080 3464  1
1573 3465  1
3068 3467  1
2589 3470  1
285 3471  1
666 3471  1
452 3472  1
3009 3472  1
1547 3475  1
2677 3475  1
802 3476  1
827 3479  1
946 3481  1
2588 3482  1
161 3486  1
2806 3486  1
442 3488  1
1563 3490  1
2334 3490  1
208 3492  1
1150 3492  1
3238 3492  1
255 3493  1
804 3493  1
2345 3493  1
2084 3494  1
1546 3496  1
2997 3497  1
1183 3498  1
3055 3500  1
2346 3501  1
3204 3509  1
2915 3510  1
311 3516  1
1130 3516  1
2803 3517  1
2814 3520  1
2510 3522  1
2203 3524  1
1157 3525  1
2282 3526  1
2047 3527  1
3418 3528  1
3092 3530  1
1152 3533  1
3416 3534  1
26 3535  1
3437 3537  1
103 3538  1
416 3538  1
844 3538  1
1229 3538  1
2616 3538  1
220 3540  1
3175 3542  1
1641 3543  1
1746 3544  1
1271 3550  1
3064 3550  1
669 3553  1
1985 3553  1
3321 3558  1
763 3560  1
2804 3561  1
2545 3566  1
2766 3566  1
1661 3568  1
2117 3568  1
557 3580  1
1304 3580  1
2220 3580  1
2473 3580  1
3033 3581  1
433 3585  1
605 3585  1
591 3586  1
3367 3587  1
2070 3588  1
2832 3588  1
1753 3589  1
2983 3589  1
2032 3593  1
2562 3595  1
2769 3596  1
2814 3596  1
1594 3598  1
412 3599  1
2883 3600  1
754 3601  1
2314 3603  1
2588 3603  1
1098 3604  1
637 3605  1
1486 3605  1
499 3611  1
1189 3612  1
2170 3614  1
2656 3614  1
2871 3615  1
373 3616  1
2939 3619  1
2233 3628  1
3374 3628  1
302 3630  1
317 3630  1
2079 3630  1
157 3631  1
1224 3634  1
2943 3635  1
1101 3636  1
1060 3637  1
2395 3637  1
559 3639  1
1543 3639  1
1437 3641  1
3433 3641  1
1290 3644  1
2335 3644  1
2909 3646  1
2131 3648  1
3086 3648  1
1085 3649  1
1862 3649  1
2911 3650  1
3215 3650  1
283 3652  1
188 3654  1
1495 3654  1
370 3657  1
1923 3661  1
3157 3662  1
1830 3664  1
1471 3666  1
556 3667  1
176 3668  1
2685 3668  1
1524 3671  1
2124 3672  1
3306 3672  1
1072 3674  1
1398 3676  1
390 3677  1
2375 3678  1
3644 3678  1
1123 3679  1
2471 3681  1
2139 3685  1
506 3686  1
608 3689  1
186 3691  1
1797 3691  1
3620 3691  1
1457 3692  1
3399 3692  1
3629 3696  1
1403 3697  1
943 3699  1
383 3700  1
2013 3702  1
1374 3704  1
20 3705  1
2231 3706  1
825 3707  1
1194 3707  1
1134 3708  1
3541 3708  1
434 3709  1
2946 3709  1
2926 3710  1
759 3714  1
2979 3714  1
306 3717  1
2387 3717  1
835 3719  1
999 3719  1
483 3721  1
1431 3723  1
2320 3727  1
2881 3727  1
3548 3730  1
3129 3733  1
569 3734  1
732 3734  1
1511 3735  1
2749 3740  1
694 3743  1
233 3746  1
1427 3746  1
2168 3746  1
1218 3747  1
2990 3749  1
192 3752  1
311 3752  1
117 3753  1
852 3753  1
3028 3753  1
3506 3753  1
1746 3757  1
2909 3757  1
1882 3758  1
569 3759  1
1341 3761  1
947 3763  1
740 3764  1
1209 3764  1
2638 3765  1
2177 3766  1
2357 3768  1
120 3769  1
3098 3770  1
3764 3770  1
1193 3771  1
1243 3775  1
2694 3777  1
2813 3777  1
264 3778  1
971 3778  1
1612 3778  1
1719 3778  1
2706 3781  1
2942 3784  1
956 3787  1
2022 3787  1
1213 3790  1
3122 3791  1
1121 3793  1
1329 3800  1
2122 3802  1
2589 3803  1
489 3804  1
2968 3804  1
2500 3808  1
2580 3808  1
3556 3808  1
24 3809  1
3597 3810  1
2171 3814  1
2897 3816  1
2271 3817  1
581 3820  1
1414 3821  1
1081 3823  1
3744 3824  1
1426 3826  1
1598 3826  1
909 3827  1
1788 3829  1
3300 3829  1
1935 3830  1
1456 3832  1
3242 3833  1
2108 3834  1
1595 3836  1
1905 3839  1
2532 3839  1
944 3842  1
2633 3844  1
2612 3846  1
3707 3846  1
191 3847  1
1165 3851  1
705 3852  1
3633 3852  1
1978 3854  1
3130 3854  1
1947 3859  1
3357 3859  1
1255 3860  1
2569 3860  1
1986 3863  1
1500 3865  1
2398 3865  1
1706 3866  1
2738 3866  1
2333 3868  1
2728 3869  1
557 3870  1
1167 3876  1
1592 3876  1
1700 3885  1
212 3887  1
1963 3888  1
1804 3889  1
3864 3889  1
2040 3890  1
3435 3891  1
2072 3893  1
3305 3894  1
790 3896  1
131 3897  1
1384 3897  1
1524 3899  1
708 3901  1
3416 3902  1
436 3903  1
742 3905  1
2981 3905  1
2949 3907  1
27 3914  1
2087 3917  1
3286 3918  1
2489 3919  1
1089 3920  1
2361 3920  1
3150 3920  1
1473 3921  1
1123 3922  1
1471 3922  1
2178 3924  1
1559 3926  1
1066 3927  1
1569 3927  1
503 3928  1
440 3930  1
2135 3932  1
149 3933  1
3912 3934  1
2248 3936  1
419 3938  1
1376 3940  1
2673 3941  1
2307 3944  1
2213 3945  1
1547 3947  1
1779 3947  1
2904 3949  1
2336 3951  1
2500 3953  1
3873 3954  1
2251 3956  1
3449 3956  1
1732 3957  1
3447 3959  1
400 3961  1
1305 3962  1
1539 3962  1
1306 3967  1
1895 3970  1
2867 3970  1
3851 3971  1
2979 3972  1
1057 3974  1
609 3975  1
503 3976  1
1203 3978  1
2213 3978  1
1141 3983  1
1243 3984  1
1277 3984  1
2941 3985  1
3159 3985  1
2935 3987  1
2081 3989  1
3836 3989  1
1854 3994  1
2756 3995  1
3960 3997  1
754 3999  1
3241 4001  1
621 4004  1
2980 4007  1
3456 4010  1
108 4012  1
2457 4012  1
3223 4014  1
278 4015  1
981 4015  1
1710 4015  1
741 4017  1
2725 4017  1
2951 4020  1
1808 4021  1
3809 4024  1
177 4027  1
982 4029  1
2444 4029  1
665 4031  1
944 4031  1
1297 4034  1
4011 4035  1
3573 4037  1
646 4039  1
1128 4040  1
2782 4041  1
2887 4044  1
1766 4047  1
901 4048  1
2609 4048  1
711 4053  1
3104 4053  1
172 4054  1
3167 4055  1
3596 4057  1
2721 4060  1
2723 4060  1
2819 4061  1
1727 4062  1
1810 4062  1
2643 4064  1
212 4066  1
266 4066  1
1010 4068  1
1839 4068  1
3424 4068  1
711 4069  1
1469 4071  1
1004 4072  1
3814 4072  1
2485 4075  1
2850 4076  1
255 4079  1
2334 4079  1
2560 4079  1
184 4085  1
651 4086  1
3283 4086  1
1046 4088  1
162 4092  1
2456 4094  1
1443 4095  1
2496 4095  1
4022 4097  1
1241 4098  1
1097 4099  1
2270 4099  1
1351 4102  1
870 4103  1
1263 4105  1
1295 4106  1
1480 4106  1
2482 4106  1
4070 4109  1
2490 4111  1
3937 4111  1
736 4115  1
2975 4115  1
4061 4115  1
3122 4117  1
3070 4118  1
2683 4119  1
57 4120  1
727 4122  1
2692 4122  1
2066 4124  1
2401 4126  1
1834 4128  1
1383 4129  1
1237 4130  1
1003 4132  1
3028 4133  1
443 4134  1
716 4134  1
2275 4135  1
900 4141  1
285 4143  1
1433 4143  1
3333 4144  1
1112 4149  1
448 4152  1
3390 4152  1
3774 4155  1
1088 4156  1
694 4161  1
1977 4163  1
3410 4164  1
3707 4164  1
294 4171  1
2778 4171  1
762 4172  1
3690 4172  1
496 4174  1
1913 4174  1
2533 4177  1
3327 4177  1
2262 4183  1
2916 4183  1
418 4184  1
994 4184  1
231 4185  1
1387 4187  1
3500 4187  1
1027 4188  1
15 4190  1
251 4190  1
354 4191  1
3514 4195  1
2765 4196  1
533 4197  1
775 4197  1
3511 4197  1
126 4199  1
4005 4200  1
1487 4202  1
2130 4202  1
611 4205  1
681 4205  1
1892 4207  1
2472 4208  1
3653 4210  1
1169 4212  1
1812 4212  1
169 4214  1
2578 4215  1
1727 4216  1
3186 4216  1
940 4217  1
1556 4219  1
3888 4219  1
3901 4220  1
1955 4224  1
2681 4224  1
2887 4224  1
3368 4226  1
2640 4230  1
1119 4232  1
3557 4232  1
1091 4233  1
1436 4234  1
2742 4234  1
1708 4235  1
2275 4235  1
2312 4237  1
3449 4237  1
2572 4238  1
2132 4242  1
2667 4242  1
2171 4247  1
3218 4248  1
3882 4248  1
1295 4249  1
249 4251  1
1756 4252  1
1093 4254  1
2021 4256  1
78 4257  1
3593 4258  1
877 4260  1
1173 4260  1
671 4262  1
1001 4263  1
3334 4263  1
2995 4264  1
2773 4268  1
982 4269  1
3552 4269  1
1005 4270  1
1415 4271  1
1757 4271  1
791 4273  1
2261 4273  1
4067 4274  1
1349 4275  1
106 4277  1
260 4277  1
1152 4278  1
1953 4279  1
3123 4279  1
3624 4281  1
4036 4283  1
4232 4283  1
2765 4285  1
4138 4285  1
755 4287  1
2623 4291  1
669 4292  1
2228 4292  1
2235 4293  1
2274 4293  1
316 4295  1
456 4295  1
2895 4296  1
1038 4298  1
3294 4298  1
3427 4298  1
2745 4301  1
906 4303  1
3526 4305  1
704 4309  1
1049 4312  1
247 4314  1
1188 4315  1
3271 4318  1
3555 4320  1
1644 4321  1
2760 4321  1
613 4323  1
2002 4323  1
3591 4326  1
2887 4327  1
3103 4327  1
1371 4330  1
1676 4331  1
377 4332  1
928 4332  1
372 4335  1
3337 4335  1
3794 4336  1
3526 4337  1
2121 4340  1
439 4341  1
700 4346  1
549 4348  1
1881 4350  1
678 4351  1
1807 4353  1
1810 4353  1
2518 4354  1
2149 4355  1
3718 4358  1
2060 4363  1
1069 4364  1
4344 4365  1
3431 4366  1
205 4368  1
257 4368  1
2530 4368  1
419 4369  1
116 4373  1
2686 4373  1
1675 4374  1
1837 4375  1
452 4376  1
3777 4380  1
3146 4381  1
295 4382  1
3304 4383  1
3101 4384  1
3181 4384  1
2003 4385  1
358 4387  1
2219 4390  1
2406 4390  1
4372 4390  1
1289 4391  1
1241 4392  1
4043 4393  1
776 4394  1
2450 4395  1
628 4396  1
413 4397  1
3381 4397  1
1039 4399  1
1741 4402  1
2102 4403  1
1689 4404  1
1698 4404  1
3825 4404  1
4149 4404  1
2857 4405  1
4175 4405  1
294 4406  1
2963 4406  1
3063 4407  1
1241 4413  1
1142 4416  1
1797 4416  1
2843 4416  1
2973 4416  1
3793 4416  1
4048 4416  1
1930 4418  1
3013 4418  1
3550 4419  1
1470 4432  1
2667 4436  1
2802 4436  1
2870 4437  1
2913 4440  1
2922 4440  1
1149 4441  1
4410 4442  1
3068 4443  1
1731 4447  1
3633 4447  1
303 4448  1
1516 4449  1
200 4452  1
1762 4452  1
3561 4453  1
4 4456  1
1743 4456  1
2190 4456  1
3875 4457  1
2462 4458  1
2665 4459  1
168 4460  1
3318 4460  1
3950 4460  1
2434 4461  1
2633 4461  1
938 4464  1
1870 4466  1
2792 4467  1
3785 4467  1
1029 4468  1
4108 4468  1
589 4470  1
1422 4470  1
1553 4472  1
2887 4472  1
682 4473  1
1289 4473  1
1774 4477  1
3537 4477  1
3598 4478  1
773 4479  1
2935 4479  1
3271 4479  1
3806 4479  1
1677 4481  1
504 4482  1
518 4482  1
1737 4483  1
920 4485  1
1949 4485  1
3101 4485  1
2762 4486  1
3443 4486  1
1664 4487  1
3997 4488  1
1197 4490  1
654 4492  1
3784 4494  1
3070 4502  1
1412 4504  1
1469 4510  1
2150 4510  1
3399 4512  1
3830 4512  1
1641 4513  1
2804 4514  1
1181 4516  1
3026 4516  1
3241 4516  1
1296 4518  1
2039 4518  1
3987 4519  1
1797 4521  1
4415 4523  1
1256 4524  1
2237 4528  1
2277 4528  1
3400 4529  1
1013 4532  1
1360 4532  1
1948 4532  1
1477 4535  1
2138 4535  1
3277 4535  1
3990 4538  1
466 4539  1
3370 4539  1
1614 4541  1
2477 4543  1
2303 4545  1
1737 4550  1
2438 4550  1
4143 4550  1
64 4551  1
2138 4552  1
3665 4552  1
1273 4553  1
3814 4554  1
1390 4558  1
4509 4558  1
2456 4559  1
4378 4560  1
290 4562  1
1254 4564  1
1548 4567  1
3639 4568  1
144 4569  1
243 4569  1
2402 4570  1
2500 4570  1
2974 4571  1
4211 4572  1
3328 4573  1
4289 4573  1
4566 4573  1
1261 4574  1
2496 4574  1
3192 4574  1
2255 4575  1
2308 4577  1
3487 4577  1
307 4578  1
1905 4579  1
3085 4579  1
3355 4579  1
3679 4579  1
51 4581  1
3885 4581  1
3719 4582  1
629 4583  1
2065 4583  1
1239 4584  1
2056 4584  1
3023 4584  1
1196 4585  1
4271 4588  1
869 4593  1
3426 4593  1
895 4595  1
2601 4595  1
4379 4596  1
1271 4597  1
1437 4606  1
4559 4606  1
1952 4610  1
1337 4611  1
187 4612  1
1487 4613  1
1029 4614  1
4506 4614  1
2721 4616  1
1086 4618  1
1711 4618  1
237 4620  1
282 4622  1
232 4623  1
1140 4625  1
1842 4625  1
2617 4625  1
407 4627  1
3193 4628  1
58 4629  1
2078 4629  1
2975 4629  1
3964 4631  1
1096 4632  1
696 4633  1
2662 4634  1
3070 4634  1
4591 4634  1
4633 4635  1
908 4636  1
4047 4638  1
329 4640  1
1808 4641  1
433 4642  1
2446 4644  1
3996 4644  1
3323 4646  1
4377 4648  1
2801 4651  1
360 4652  1
1241 4653  1
2395 4653  1
2885 4653  1
3901 4653  1
1238 4655  1
1418 4655  1
2768 4655  1
3553 4655  1
1348 4656  1
2576 4657  1
1580 4658  1
1796 4658  1
1509 4659  1
4145 4659  1
3045 4660  1
4385 4662  1
537 4663  1
3144 4665  1
13 4666  1
395 4666  1
258 4667  1
1270 4670  1
258 4674  1
2741 4675  1
2139 4676  1
2922 4677  1
1910 4679  1
3004 4682  1
700 4683  1
1389 4683  1
1952 4683  1
941 4686  1
2138 4688  1
1478 4689  1
301 4690  1
921 4690  1
3496 4692  1
2807 4693  1
924 4701  1
660 4705  1
3273 4706  1
3646 4706  1
3788 4707  1
754 4712  1
2498 4713  1
94 4716  1
2622 4716  1
2355 4717  1
3328 4718  1
4589 4718  1
982 4719  1
437 4721  1
4522 4723  1
3470 4724  1
4620 4724  1
2668 4728  1
3261 4729  1
329 4730  1
1223 4730  1
4213 4731  1
4083 4737  1
3404 4738  1
2120 4739  1
63 4741  1
528 4742  1
2791 4742  1
3237 4743  1
2747 4744  1
3256 4745  1
3499 4745  1
67 4750  1
1624 4752  1
4074 4752  1
1516 4754  1
2960 4755  1
2871 4756  1
1646 4757  1
3444 4757  1
1789 4758  1
4293 4760  1
3559 4762  1
3212 4763  1
1376 4764  1
1246 4766  1
2776 4766  1
2184 4767  1
2263 4767  1
1450 4768  1
131 4769  1
1614 4769  1
1575 4771  1
23 4772  1
140 4772  1
1956 4773  1
4224 4774  1
231 4775  1
4183 4775  1
3720 4776  1
2944 4778  1
1723 4780  1
101 4781  1
3354 4781  1
3355 4781  1
2714 4782  1
1287 4783  1
1073 4784  1
3712 4784  1
4755 4784  1
3750 4786  1
1676 4787  1
96 4790  1
2612 4790  1
4724 4791  1
2342 4792  1
2714 4793  1
4158 4794  1
706 4795  1
2130 4796  1
3127 4797  1
493 4798  1
648 4798  1
2740 4798  1
1025 4802  1
1445 4805  1
3528 4806  1
4185 4809  1
4200 4811  1
4441 4818  1
471 4819  1
2109 4820  1
2382 4820  1
3550 4821  1
664 4822  1
118 4823  1
1880 4825  1
4349 4825  1
1250 4826  1
2191 4826  1
3886 4826  1
2459 4827  1
283 4828  1
422 4830  1
738 4832  1
2583 4834  1
2620 4837  1
1792 4838  1
2589 4838  1
3016 4842  1
4205 4842  1
1460 4843  1
4520 4843  1
4550 4844  1
2444 4845  1
52 4846  1
4142 4847  1
3772 4849  1
3332 4850  1
4577 4850  1
3087 4853  1
606 4854  1
4818 4854  1
4625 4855  1
684 4856  1
4446 4856  1
429 4857  1
3927 4857  1
4224 4857  1
1613 4858  1
2216 4861  1
1747 4862  1
2624 4863  1
650 4867  1
1124 4868  1
2106 4868  1
3376 4869  1
1132 4870  1
2327 4870  1
67 4872  1
1154 4872  1
1786 4872  1
3187 4872  1
4010 4872  1
4651 4873  1
2267 4874  1
1194 4878  1
1821 4878  1
1994 4879  1
449 4880  1
4699 4881  1
9 4882  1
1240 4882  1
3064 4882  1
529 4883  1
4431 4884  1
2106 4885  1
2365 4886  1
2698 4887  1
3561 4888  1
4797 4888  1
2866 4890  1
1527 4891  1
2422 4892  1
4659 4892  1
577 4896  1
630 4896  1
2948 4896  1
3813 4898  1
761 4900  1
3838 4901  1
2627 4902  1
2862 4902  1
106 4903  1
1216 4903  1
980 4904  1
2457 4904  1
4520 4904  1
379 4905  1
541 4905  1
2698 4907  1
2890 4907  1
4565 4910  1
1762 4912  1
4473 4912  1
1599 4913  1
1731 4914  1
3849 4914  1
4353 4914  1
3264 4915  1
2094 4916  1
84 4917  1
2621 4917  1
4398 4919  1
262 4920  1
2917 4921  1
3602 4923  1
1928 4927  1
2019 4927  1
3207 4927  1
92 4928  1
1350 4928  1
1944 4930  1
4707 4930  1
3909 4931  1
2119 4932  1
1466 4933  1
2350 4936  1
1072 4938  1
2862 4938  1
2074 4940  1
3890 4941  1
4042 4941  1
1935 4942  1
3364 4947  1
115 4951  1
2689 4953  1
588 4956  1
1217 4956  1
4864 4957  1
636 4958  1
2394 4959  1
4414 4962  1
2282 4963  1
2415 4965  1
2293 4966  1
2929 4966  1
1337 4967  1
2312 4967  1
2900 4967  1
4490 4968  1
233 4969  1
1269 4973  1
3217 4973  1
1544 4976  1
1961 4976  1
2292 4976  1
3004 4977  1
4964 4978  1
3805 4979  1
2417 4980  1
136 4981  1
1999 4981  1
992 4982  1
1392 4985  1
3223 4985  1
2661 4986  1
3808 4989  1
968 4990  1
3677 4990  1
4739 4993  1
522 4995  1
3470 4995  1
2937 4998  1
3748 5001  1
3377 5002  1
4265 5002  1
1323 5004  1
1405 5004  1
1831 5004  1
1933 5011  1
607 5014  1
756 5014  1
4035 5015  1
1615 5016  1
4403 5017  1
4774 5019  1
648 5020  1
2673 5020  1
1810 5021  1
2308 5022  1
484 5025  1
7 5027  1
967 5027  1
4217 5028  1
2623 5029  1
724 5030  1
1920 5030  1
3765 5030  1
1210 5031  1
2152 5032  1
3071 5033  1
649 5035  1
4181 5035  1
488 5036  1
2338 5036  1
3352 5039  1
3997 5039  1
4811 5040  1
326 5041  1
2945 5041  1
865 5042  1
4172 5043  1
3124 5045  1
1823 5046  1
2879 5054  1
1052 5055  1
1453 5056  1
2683 5056  1
2363 5057  1
2960 5058  1
1604 5059  1
2032 5060  1
2497 5060  1
3794 5061  1
4296 5063  1
3219 5064  1
3840 5064  1
4444 5066  1
4166 5068  1
2080 5070  1
2897 5070  1
1916 5071  1
1858 5074  1
133 5075  1
2334 5077  1
1655 5078  1
4649 5078  1
443 5081  1
1602 5084  1
2873 5084  1
3796 5086  1
3454 5088  1
2373 5090  1
4353 5090  1
3252 5092  1
1327 5093  1
2192 5094  1
3606 5094  1
804 5096  1
3031 5096  1
3329 5096  1
1170 5097  1
1718 5099  1
4891 5100  1
3245 5101  1
3665 5101  1
4245 5101  1
173 5106  1
1175 5106  1
1220 5109  1
3368 5109  1
3919 5111  1
775 5113  1
906 5113  1
1046 5116  1
1847 5116  1
1848 5116  1
3891 5116  1
1027 5117  1
2338 5117  1
2718 5117  1
3655 5120  1
4897 5123  1
4795 5124  1
1079 5125  1
2201 5125  1
2331 5125  1
4486 5125  1
4280 5126  1
5084 5127  1
1728 5128  1
2536 5129  1
4029 5129  1
507 5130  1
1116 5130  1
2419 5130  1
2352 5132  1
832 5133  1
1923 5133  1
4450 5133  1
1754 5134  1
732 5138  1
454 5139  1
1540 5139  1
365 5142  1
3475 5142  1
2702 5145  1
4108 5145  1
2527 5146  1
215 5150  1
2426 5151  1
1946 5152  1
2101 5153  1
4830 5153  1
5122 5153  1
1455 5154  1
1366 5155  1
783 5156  1
1533 5156  1
3989 5156  1
1086 5157  1
2393 5157  1
5115 5164  1
4316 5165  1
462 5166  1
3697 5167  1
4328 5167  1
4289 5168  1
3580 5169  1
69 5171  1
580 5172  1
191 5173  1
2936 5173  1
530 5174  1
959 5174  1
974 5174  1
3889 5174  1
4305 5174  1
984 5175  1
4832 5179  1
143 5180  1
3404 5180  1
4920 5180  1
1833 5181  1
1915 5181  1
1858 5182  1
2534 5182  1
3385 5183  1
2678 5184  1
441 5186  1
2388 5186  1
3544 5187  1
4395 5187  1
111 5190  1
2468 5190  1
3800 5190  1
4578 5192  1
3121 5194  1
3918 5194  1
4575 5194  1
1661 5196  1
3650 5196  1
3035 5197  1
5182 5197  1
1449 5198  1
4391 5198  1
4151 5201  1
432 5203  1
4025 5203  1
2433 5204  1
1650 5205  1
3204 5206  1
1951 5207  1
2580 5207  1
2629 5207  1
3895 5207  1
4345 5207  1
1048 5208  1
271 5209  1
2952 5210  1
4921 5212  1
3429 5213  1
4471 5213  1
833 5214  1
1546 5214  1
1500 5217  1
2425 5217  1
3329 5217  1
838 5218  1
5204 5220  1
2595 5222  1
2678 5223  1
3925 5225  1
1350 5226  1
4739 5227  1
964 5228  1
284 5232  1
2862 5233  1
3570 5233  1
3956 5236  1
2788 5237  1
4129 5237  1
504 5238  1
2728 5239  1
3286 5239  1
4618 5239  1
3720 5240  1
4203 5240  1
2146 5241  1
2549 5241  1
89 5242  1
1244 5242  1
1662 5242  1
1763 5246  1
5200 5246  1
362 5247  1
645 5249  1
4952 5249  1
1712 5250  1
2616 5253  1
57 5254  1
257 5254  1
961 5254  1
5221 5254  1
1129 5257  1
1721 5257  1
1846 5257  1
407 5258  1
900 5259  1
3141 5259  1
5127 5260  1
567 5261  1
4325 5262  1
4816 5262  1
4617 5265  1
3155 5267  1
165 5268  1
2741 5268  1
4059 5268  1
1791 5269  1
211 5273  1
4857 5273  1
4565 5275  1
4248 5277  1
1691 5278  1
3843 5278  1
4599 5280  1
2044 5283  1
2507 5283  1
4929 5283  1
2536 5285  1
337 5286  1
3241 5286  1
1189 5289  1
3143 5291  1
4376 5291  1
3204 5292  1
2589 5294  1
2635 5294  1
3513 5294  1
4140 5296  1
4286 5297  1
2642 5298  1
3891 5298  1
3350 5301  1
2773 5305  1
25 5307  1
1298 5308  1
4543 5308  1
2398 5310  1
4788 5311  1
3121 5315  1
172 5316  1
1142 5318  1
1985 5319  1
3015 5321  1
3088 5321  1
3291 5321  1
4467 5321  1
1200 5322  1
2837 5322  1
1099 5324  1
710 5328  1
4046 5328  1
207 5329  1
3320 5330  1
4053 5330  1
315 5334  1
2726 5334  1
3398 5334  1
1614 5335  1
1796 5337  1
2355 5338  1
2495 5338  1
648 5340  1
3968 5341  1
4259 5341  1
2830 5342  1
2599 5344  1
5212 5344  1
422 5345  1
462 5346  1
2522 5346  1
4658 5346  1
2644 5351  1
4201 5351  1
760 5353  1
428 5354  1
2937 5355  1
4934 5355  1
5195 5355  1
1567 5356  1
3982 5356  1
3534 5357  1
4060 5360  1
4139 5362  1
128 5363  1
1326 5363  1
1633 5364  1
348 5368  1
1012 5369  1
2351 5370  1
3972 5370  1
1044 5371  1
2381 5371  1
2454 5371  1
3020 5373  1
1942 5374  1
1990 5374  1
4321 5374  1
2977 5376  1
1544 5380  1
2498 5380  1
3670 5380  1
3787 5381  1
3899 5381  1
4819 5381  1
591 5383  1
727 5386  1
4702 5386  1
1554 5387  1
1752 5387  1
395 5390  1
4235 5390  1
1106 5391  1
4932 5391  1
1435 5392  1
1544 5392  1
2156 5393  1
3191 5395  1
5372 5401  1
3967 5403  1
4340 5403  1
1010 5404  1
1993 5407  1
2789 5407  1
4130 5407  1
4309 5408  1
2518 5411  1
1413 5412  1
1654 5419  1
4324 5424  1
4502 5425  1
1607 5426  1
1506 5427  1
3839 5427  1
3914 5427  1
3072 5428  1
5085 5428  1
3091 5429  1
3536 5430  1
3571 5435  1
1133 5437  1
2591 5437  1
2693 5438  1
947 5439  1
2922 5440  1
3633 5440  1
128 5441  1
1690 5443  1
460 5444  1
3346 5445  1
5407 5445  1
4431 5446  1
3643 5448  1
1108 5449  1
3214 5451  1
3532 5451  1
4274 5460  1
2073 5462  1
2957 5462  1
2567 5464  1
2634 5464  1
1878 5465  1
5311 5466  1
5042 5467  1
527 5468  1
425 5469  1
1605 5469  1
2937 5471  1
2647 5472  1
155 5475  1
838 5475  1
753 5477  1
5236 5477  1
1793 5478  1
3635 5478  1
1787 5481  1
3061 5481  1
3247 5485  1
1051 5489  1
1104 5489  1
1106 5489  1
1536 5491  1
2060 5492  1
7 5494  1
3464 5494  1
5466 5495  1
45 5496  1
4225 5496  1
4773 5496  1
4554 5498  1
4876 5498  1
1434 5499  1
3253 5500  1
59 5502  1
5344 5502  1
351 5505  1
973 5505  1
3455 5506  1
5085 5506  1
4519 5507  1
2448 5509  1
4786 5509  1
1734 5510  1
2192 5510  1
281 5511  1
1726 5511  1
3913 5511  1
3942 5513  1
5148 5515  1
947 5516  1
1147 5517  1
3646 5517  1
3723 5517  1
1057 5520  1
985 5521  1
1253 5522  1
1752 5522  1
2729 5524  1
236 5525  1
241 5526  1
3553 5527  1
4906 5529  1
5042 5529  1
208 5533  1
2844 5533  1
4481 5535  1
4828 5541  1
5335 5545  1
3893 5546  1
4267 5546  1
3873 5548  1
2890 5549  1
4889 5549  1
5513 5554  1
4038 5558  1
4678 5558  1
4112 5560  1
4620 5561  1
3575 5564  1
3237 5565  1
3601 5566  1
3199 5568  1
995 5569  1
4722 5569  1
1697 5570  1
1404 5571  1
5389 5571  1
5394 5573  1
4079 5574  1
1646 5575  1
4444 5577  1
1866 5580  1
4840 5580  1
5228 5582  1
2152 5583  1
5412 5583  1
5546 5583  1
1942 5586  1
162 5587  1
1676 5587  1
3116 5587  1
3525 5588  1
4304 5589  1
4077 5590  1
1152 5591  1
2475 5591  1
4692 5592  1
1271 5593  1
3562 5596  1
4728 5596  1
782 5597  1
1366 5598  1
1178 5600  1
1513 5600  1
2869 5600  1
4619 5600  1
5177 5600  1
4353 5601  1
4932 5601  1
4246 5604  1
5412 5604  1
1926 5605  1
5095 5605  1
2597 5607  1
2947 5607  1
4835 5607  1
4075 5608  1
3383 5609  1
3802 5609  1
4667 5609  1
5449 5609  1
1758 5613  1
4368 5613  1
167 5615  1
2390 5615  1
4839 5617  1
41 5621  1
4406 5622  1
3595 5625  1
3604 5628  1
2345 5629  1
4109 5629  1
650 5630  1
1537 5630  1
3658 5632  1
4413 5633  1
125 5634  1
1142 5635  1
163 5638  1
2647 5638  1
1413 5639  1
2639 5639  1
3062 5643  1
602 5645  1
2522 5646  1
3651 5646  1
4275 5646  1
2093 5648  1
3354 5648  1
548 5650  1
3424 5651  1
2539 5657  1
3700 5657  1
4163 5658  1
693 5660  1
2480 5660  1
2729 5662  1
1139 5663  1
1797 5663  1
3975 5663  1
4646 5663  1
5552 5666  1
2759 5667  1
416 5668  1
2800 5668  1
3310 5669  1
4013 5669  1
1093 5670  1
3505 5671  1
5636 5674  1
668 5677  1
1937 5678  1
5033 5678  1
573 5680  1
4085 5682  1
4757 5682  1
3683 5683  1
348 5685  1
4968 5685  1
2386 5686  1
3392 5686  1
356 5687  1
3735 5688  1
4348 5691  1
1248 5692  1
4666 5693  1
2099 5694  1
3911 5697  1
1241 5698  1
1252 5698  1
2031 5698  1
4517 5698  1
2793 5699  1
5002 5700  1
5646 5701  1
206 5702  1
3795 5703  1
2553 5705  1
668 5707  1
1875 5707  1
2093 5707  1
3365 5708  1
4854 5709  1
2013 5710  1
2061 5713  1
4769 5714  1
989 5716  1
814 5717  1
2256 5721  1
4173 5723  1
493 5724  1
2012 5725  1
4550 5725  1
3530 5727  1
68 5728  1
1545 5728  1
1491 5729  1
2455 5729  1
4289 5730  1
2587 5733  1
641 5734  1
3333 5734  1
4093 5734  1
4191 5734  1
4939 5736  1
4321 5737  1
1776 5738  1
2823 5740  1
3835 5740  1
5269 5743  1
5568 5743  1
1430 5744  1
2518 5744  1
1780 5745  1
2400 5746  1
2070 5748  1
3275 5748  1
3210 5749  1
3868 5749  1
1761 5750  1
3485 5751  1
2367 5753  1
4258 5753  1
2378 5754  1
3854 5756  1
4674 5756  1
2497 5758  1
1625 5760  1
2210 5763  1
2713 5764  1
675 5766  1
3628 5771  1
4903 5771  1
5429 5773  1
3684 5774  1
3772 5774  1
4547 5775  1
5504 5775  1
321 5776  1
2550 5776  1
4663 5776  1
5351 5776  1
5482 5776  1
5252 5780  1
3184 5781  1
3250 5781  1
4858 5782  1
752 5785  1
1015 5786  1
3190 5786  1
885 5787  1
4543 5787  1
4983 5787  1
4686 5789  1
5162 5790  1
277 5794  1
293 5794  1
2034 5796  1
2960 5796  1
5512 5796  1
2021 5797  1
5718 5797  1
1530 5799  1
1724 5799  1
986 5800  1
3361 5800  1
5009 5800  1
303 5803  1
2887 5804  1
3594 5804  1
4360 5804  1
415 5805  1
2401 5808  1
5726 5808  1
4931 5809  1
260 5810  1
5263 5811  1
1381 5812  1
1847 5813  1
4019 5814  1
4662 5814  1
4109 5815  1
4885 5815  1
733 5817  1
2385 5817  1
5447 5817  1
141 5818  1
2320 5818  1
1460 5819  1
558 5821  1
2838 5822  1
70 5823  1
752 5823  1
3520 5823  1
4290 5823  1
5130 5824  1
3342 5825  1
253 5826  1
1611 5826  1
5491 5827  1
4899 5828  1
2869 5832  1
2796 5835  1
1521 5837  1
2224 5837  1
1281 5841  1
4530 5844  1
5733 5844  1
906 5846  1
4746 5847  1
2602 5849  1
3991 5849  1
351 5851  1
1011 5851  1
1966 5851  1
3138 5851  1
3742 5851  1
4431 5851  1
17 5852  1
3616 5853  1
3065 5856  1
238 5857  1
4388 5857  1
3448 5858  1
1201 5861  1
2411 5861  1
2452 5864  1
260 5865  1
3209 5866  1
5074 5867  1
2854 5869  1
1931 5870  1
3512 5870  1
3948 5871  1
4765 5872  1
1278 5874  1
5534 5874  1
227 5876  1
5857 5879  1
710 5883  1
4225 5883  1
3732 5884  1
4719 5885  1
2216 5886  1
3644 5888  1
2200 5889  1
4229 5889  1
833 5890  1
902 5890  1
1046 5891  1
640 5896  1
1021 5896  1
4969 5896  1
942 5897  1
4198 5897  1
2999 5898  1
4400 5900  1
3161 5901  1
2267 5902  1
4593 5903  1
4783 5904  1
5602 5906  1
601 5907  1
1926 5907  1
3890 5907  1
1037 5908  1
1517 5908  1
3284 5908  1
3627 5908  1
5602 5908  1
79 5909  1
620 5909  1
4686 5910  1
1271 5911  1
3698 5911  1
5815 5912  1
2351 5914  1
3265 5915  1
3989 5916  1
3763 5919  1
1926 5920  1
1647 5923  1
2469 5923  1
4484 5923  1
4065 5925  1
5534 5925  1
3001 5926  1
3726 5927  1
2284 5928  1
2897 5928  1
2700 5931  1
2025 5934  1
946 5935  1
4976 5936  1
3503 5940  1
4920 5940  1
5068 5940  1
686 5941  1
4481 5941  1
3235 5943  1
47 5944  1
5714 5944  1
2850 5945  1
760 5947  1
360 5948  1
5710 5948  1
3327 5950  1
4048 5950  1
2184 5951  1
2186 5951  1
1626 5953  1
3082 5953  1
5472 5953  1
5043 5954  1
4666 5955  1
1755 5956  1
859 5957  1
1264 5957  1
3352 5960  1
101 5961  1
1635 5961  1
718 5963  1
2298 5964  1
572 5965  1
3675 5966  1
2875 5968  1
1947 5972  1
3048 5972  1
4436 5972  1
2383 5973  1
2853 5973  1
2885 5973  1
3292 5973  1
1265 5974  1
1155 5975  1
3688 5975  1
5117 5975  1
3305 5977  1
5210 5977  1
2875 5980  1
2972 5980  1
33 5982  1
5156 5983  1
5761 5983  1
1689 5984  1
104 5985  1
2209 5985  1
184 5986  1
2604 5987  1
4376 5989  1
4547 5990  1
704 5994  1
886 5994  1
2284 5994  1
2740 5994  1
3009 5994  1
4583 5994  1
2196 6000  1
3909 6000  1
