%%MatrixMarket matrix coordinate real general
% Generated 13-Mar-2013
8000 8000 3980
103 154  1
117 200  1
155 209  1
54 235  1
85 343  1
162 357  1
333 382  1
357 385  1
51 403  1
132 458  1
77 469  1
163 479  1
63 497  1
4 498  1
83 500  1
386 506  1
168 511  1
157 526  1
46 540  1
371 543  1
24 555  1
453 584  1
567 592  1
140 603  1
116 604  1
450 604  1
21 618  1
44 619  1
199 643  1
132 644  1
347 646  1
280 655  1
567 657  1
220 659  1
569 662  1
605 672  1
434 702  1
201 707  1
115 708  1
469 733  1
119 737  1
457 737  1
671 757  1
436 760  1
134 793  1
803 819  1
742 830  1
398 875  1
849 897  1
40 918  1
561 920  1
61 921  1
280 923  1
655 931  1
896 937  1
718 955  1
704 964  1
25 969  1
291 971  1
188 974  1
468 976  1
510 980  1
107 989  1
682 1000  1
851 1000  1
841 1025  1
298 1027  1
443 1035  1
566 1037  1
1004 1037  1
512 1039  1
264 1046  1
770 1061  1
199 1064  1
111 1074  1
676 1074  1
407 1097  1
693 1105  1
314 1109  1
181 1111  1
887 1117  1
261 1120  1
124 1122  1
836 1133  1
1108 1135  1
1075 1138  1
597 1144  1
1002 1147  1
1144 1147  1
932 1196  1
211 1208  1
1065 1208  1
914 1211  1
374 1217  1
1142 1219  1
1159 1221  1
983 1222  1
296 1229  1
633 1240  1
70 1241  1
516 1246  1
466 1257  1
417 1263  1
465 1264  1
151 1273  1
130 1284  1
427 1296  1
1170 1297  1
763 1299  1
397 1308  1
528 1311  1
950 1312  1
528 1315  1
614 1336  1
901 1339  1
388 1342  1
714 1352  1
482 1359  1
44 1367  1
130 1373  1
387 1378  1
669 1391  1
1094 1392  1
390 1417  1
911 1422  1
136 1428  1
200 1430  1
880 1438  1
1150 1442  1
897 1447  1
945 1450  1
721 1451  1
524 1452  1
990 1453  1
146 1468  1
1405 1475  1
482 1493  1
918 1499  1
1093 1518  1
204 1523  1
1292 1525  1
613 1558  1
1125 1561  1
1451 1562  1
614 1568  1
918 1576  1
53 1581  1
620 1581  1
1502 1588  1
1001 1600  1
520 1603  1
172 1611  1
422 1614  1
692 1625  1
630 1629  1
664 1629  1
1022 1629  1
136 1636  1
410 1637  1
125 1638  1
844 1640  1
585 1645  1
417 1651  1
481 1657  1
1399 1660  1
1538 1660  1
1556 1669  1
556 1673  1
166 1684  1
974 1690  1
22 1691  1
686 1692  1
281 1706  1
855 1706  1
176 1714  1
6 1716  1
1106 1718  1
406 1720  1
916 1722  1
359 1724  1
484 1725  1
1567 1727  1
319 1734  1
1457 1735  1
613 1736  1
935 1741  1
234 1744  1
639 1745  1
82 1750  1
231 1752  1
1496 1752  1
1025 1755  1
1457 1765  1
1772 1780  1
662 1784  1
794 1794  1
1397 1801  1
1575 1804  1
547 1810  1
572 1815  1
221 1818  1
760 1820  1
47 1821  1
377 1824  1
1721 1825  1
1318 1827  1
1437 1831  1
286 1838  1
1726 1847  1
614 1848  1
657 1852  1
1034 1863  1
1536 1864  1
1531 1865  1
319 1867  1
290 1868  1
1555 1869  1
156 1872  1
1027 1881  1
933 1886  1
7 1893  1
1709 1905  1
1314 1908  1
1726 1908  1
917 1914  1
1685 1916  1
1569 1929  1
1027 1932  1
1162 1933  1
477 1938  1
744 1938  1
600 1951  1
2 1967  1
810 1967  1
1952 1973  1
1859 1978  1
231 1979  1
1064 1980  1
197 1983  1
771 1992  1
849 1993  1
1904 1994  1
1910 1995  1
699 2003  1
1719 2005  1
115 2013  1
1158 2014  1
735 2028  1
2027 2033  1
1612 2034  1
1474 2036  1
451 2039  1
1304 2042  1
1449 2043  1
241 2044  1
643 2054  1
593 2057  1
857 2060  1
1582 2066  1
1804 2066  1
1318 2072  1
65 2074  1
556 2074  1
1020 2078  1
1992 2080  1
103 2085  1
1027 2085  1
875 2088  1
473 2089  1
1654 2089  1
1742 2090  1
1414 2095  1
25 2098  1
1370 2099  1
874 2101  1
1457 2104  1
205 2105  1
50 2111  1
870 2112  1
1029 2112  1
220 2113  1
837 2124  1
1384 2126  1
57 2128  1
379 2129  1
800 2129  1
1674 2135  1
218 2138  1
739 2147  1
535 2152  1
625 2153  1
1938 2156  1
745 2157  1
2025 2157  1
999 2167  1
1979 2167  1
1997 2167  1
236 2172  1
160 2174  1
317 2175  1
1066 2178  1
186 2182  1
2131 2183  1
535 2184  1
2093 2184  1
2118 2184  1
394 2185  1
419 2188  1
1311 2194  1
128 2200  1
184 2201  1
1033 2205  1
1556 2205  1
233 2207  1
987 2207  1
64 2217  1
1365 2219  1
70 2229  1
309 2229  1
278 2231  1
557 2232  1
268 2234  1
198 2250  1
635 2255  1
1164 2257  1
935 2260  1
1939 2266  1
1209 2267  1
1353 2279  1
1299 2281  1
27 2282  1
799 2294  1
2202 2308  1
1768 2312  1
1862 2314  1
2165 2317  1
713 2318  1
1318 2319  1
501 2323  1
493 2324  1
721 2325  1
1913 2325  1
1252 2327  1
363 2331  1
1960 2335  1
1801 2341  1
283 2345  1
2200 2346  1
925 2347  1
1421 2351  1
2165 2351  1
1271 2353  1
2225 2353  1
152 2354  1
1557 2354  1
1713 2359  1
1832 2359  1
1813 2364  1
1104 2366  1
1184 2368  1
643 2377  1
1802 2379  1
964 2384  1
2257 2384  1
1958 2387  1
2280 2390  1
1423 2393  1
111 2399  1
1394 2401  1
1244 2403  1
446 2409  1
1383 2415  1
666 2417  1
1027 2418  1
765 2419  1
754 2422  1
863 2435  1
164 2436  1
2017 2443  1
308 2445  1
353 2447  1
119 2450  1
1227 2455  1
1276 2459  1
100 2470  1
1818 2475  1
1663 2476  1
2036 2482  1
845 2484  1
1527 2491  1
594 2494  1
652 2500  1
1236 2504  1
1509 2505  1
1946 2506  1
615 2507  1
1898 2509  1
2319 2510  1
2294 2513  1
1523 2515  1
1688 2516  1
286 2520  1
900 2522  1
2185 2524  1
1873 2530  1
1999 2533  1
1146 2534  1
395 2535  1
382 2543  1
1891 2543  1
910 2545  1
2502 2547  1
71 2551  1
305 2555  1
923 2557  1
2342 2557  1
1037 2566  1
1696 2566  1
334 2569  1
104 2572  1
2224 2572  1
80 2574  1
2341 2574  1
890 2575  1
2520 2578  1
2519 2579  1
2475 2586  1
2203 2596  1
1265 2605  1
787 2606  1
23 2611  1
462 2616  1
1662 2625  1
2162 2625  1
155 2627  1
745 2627  1
671 2629  1
1109 2629  1
905 2630  1
2442 2632  1
1989 2633  1
2304 2659  1
2256 2662  1
686 2663  1
289 2664  1
1502 2666  1
922 2674  1
1875 2674  1
2345 2677  1
334 2678  1
1784 2680  1
2552 2684  1
848 2688  1
2637 2690  1
753 2692  1
1218 2696  1
1351 2699  1
1014 2700  1
2438 2704  1
77 2706  1
929 2706  1
2445 2711  1
11 2712  1
1170 2712  1
2405 2714  1
140 2721  1
743 2723  1
255 2725  1
642 2735  1
675 2736  1
1115 2736  1
2144 2745  1
2018 2749  1
2263 2749  1
393 2756  1
2353 2760  1
2024 2766  1
874 2768  1
1211 2781  1
2430 2783  1
2663 2783  1
625 2785  1
2655 2786  1
88 2788  1
834 2791  1
410 2794  1
395 2807  1
187 2810  1
459 2813  1
2029 2813  1
2381 2814  1
1470 2816  1
2146 2816  1
1405 2817  1
1552 2818  1
1126 2822  1
1214 2822  1
2369 2822  1
304 2825  1
1642 2827  1
1169 2830  1
467 2831  1
2472 2831  1
2746 2835  1
1731 2839  1
2132 2848  1
770 2850  1
1262 2865  1
1458 2866  1
2409 2866  1
307 2868  1
2137 2877  1
1790 2889  1
2085 2895  1
448 2898  1
564 2898  1
1652 2901  1
1456 2904  1
882 2915  1
1448 2915  1
796 2918  1
1075 2921  1
1396 2921  1
2533 2922  1
747 2926  1
835 2930  1
491 2934  1
2434 2934  1
1783 2935  1
2197 2937  1
674 2941  1
947 2941  1
2800 2943  1
1999 2947  1
2216 2947  1
1555 2949  1
13 2954  1
2267 2954  1
2100 2957  1
1504 2959  1
2189 2967  1
2572 2967  1
1700 2974  1
1841 2977  1
1994 2979  1
605 2981  1
1030 2985  1
616 2987  1
2422 2991  1
1314 2995  1
2224 2995  1
2483 2998  1
10 3001  1
1354 3001  1
517 3002  1
1056 3004  1
1930 3004  1
2209 3006  1
614 3010  1
93 3018  1
708 3018  1
1267 3020  1
1682 3020  1
758 3026  1
674 3027  1
1502 3028  1
2883 3033  1
750 3038  1
1276 3038  1
2245 3038  1
727 3040  1
1493 3040  1
1512 3043  1
844 3044  1
1058 3044  1
1473 3047  1
2878 3051  1
2780 3054  1
2833 3057  1
335 3059  1
1459 3061  1
2189 3062  1
2253 3066  1
1978 3067  1
1943 3070  1
2642 3070  1
1344 3073  1
832 3074  1
2115 3084  1
1996 3085  1
2657 3085  1
1427 3090  1
2838 3092  1
2766 3094  1
716 3095  1
952 3095  1
776 3096  1
1579 3097  1
1477 3098  1
1676 3098  1
2170 3100  1
3031 3100  1
1772 3102  1
1648 3103  1
1909 3103  1
1459 3104  1
318 3105  1
375 3106  1
2165 3106  1
2149 3110  1
1229 3113  1
2476 3114  1
2760 3115  1
763 3118  1
1734 3132  1
1820 3133  1
2532 3144  1
605 3148  1
932 3148  1
1141 3148  1
1296 3151  1
1575 3157  1
1606 3158  1
981 3161  1
2079 3161  1
1253 3164  1
2097 3175  1
798 3180  1
1310 3180  1
98 3183  1
1477 3186  1
762 3189  1
805 3193  1
2005 3193  1
1554 3196  1
1610 3197  1
3149 3202  1
1535 3205  1
1229 3211  1
1985 3216  1
3208 3217  1
200 3228  1
2678 3228  1
3155 3229  1
1955 3232  1
2739 3232  1
2371 3234  1
119 3235  1
1109 3236  1
1871 3236  1
976 3238  1
1187 3238  1
1705 3242  1
1368 3244  1
1339 3245  1
1139 3251  1
2701 3257  1
321 3258  1
877 3262  1
2280 3264  1
2489 3264  1
386 3266  1
1281 3266  1
1123 3267  1
1055 3269  1
2151 3269  1
1869 3271  1
282 3272  1
2372 3273  1
1987 3276  1
772 3277  1
1992 3277  1
1651 3278  1
3085 3279  1
623 3283  1
60 3288  1
760 3295  1
123 3297  1
2470 3300  1
3131 3301  1
1341 3304  1
1508 3306  1
1947 3307  1
3283 3307  1
1985 3309  1
1674 3320  1
29 3321  1
1801 3324  1
1097 3327  1
1790 3340  1
2994 3343  1
2677 3344  1
2011 3346  1
3168 3346  1
2729 3350  1
902 3355  1
905 3356  1
2681 3358  1
906 3359  1
400 3361  1
943 3362  1
1029 3369  1
3102 3369  1
31 3371  1
1693 3372  1
2602 3372  1
734 3375  1
2736 3377  1
2554 3378  1
616 3381  1
1768 3381  1
2508 3381  1
2906 3382  1
1967 3384  1
897 3391  1
1592 3392  1
2193 3395  1
3139 3397  1
552 3400  1
3331 3401  1
1425 3403  1
1462 3404  1
1517 3404  1
473 3405  1
326 3406  1
1251 3406  1
1484 3406  1
1281 3407  1
1831 3407  1
2067 3408  1
839 3417  1
3082 3420  1
3269 3420  1
1142 3421  1
1767 3421  1
2578 3423  1
119 3424  1
352 3430  1
3221 3432  1
622 3438  1
5 3439  1
366 3441  1
1767 3441  1
2187 3442  1
2652 3444  1
445 3445  1
457 3445  1
2874 3448  1
2024 3449  1
680 3455  1
1432 3455  1
2662 3467  1
2171 3469  1
280 3476  1
454 3476  1
998 3478  1
1214 3478  1
1522 3479  1
250 3480  1
332 3480  1
415 3485  1
2454 3488  1
2234 3493  1
38 3496  1
2616 3498  1
194 3502  1
682 3502  1
306 3503  1
2072 3505  1
110 3506  1
1677 3506  1
1689 3507  1
444 3508  1
1366 3508  1
2803 3508  1
2602 3509  1
1770 3516  1
1966 3520  1
2205 3521  1
2858 3522  1
2712 3527  1
3197 3529  1
1339 3532  1
800 3533  1
1819 3536  1
2694 3536  1
3005 3536  1
1558 3537  1
3193 3543  1
2724 3544  1
2784 3549  1
2401 3550  1
137 3551  1
2265 3552  1
206 3554  1
1262 3555  1
2751 3555  1
831 3561  1
3092 3562  1
1144 3563  1
1177 3563  1
3263 3564  1
1601 3565  1
1265 3568  1
2282 3569  1
558 3570  1
923 3571  1
1221 3578  1
2758 3578  1
1257 3579  1
1310 3583  1
2349 3583  1
185 3586  1
786 3586  1
357 3589  1
1806 3592  1
2918 3592  1
3338 3594  1
2977 3600  1
397 3601  1
759 3606  1
1268 3615  1
2462 3616  1
98 3619  1
670 3628  1
1150 3628  1
2293 3628  1
1039 3629  1
1124 3630  1
2238 3632  1
3573 3633  1
3156 3635  1
585 3636  1
2474 3637  1
1606 3639  1
3545 3643  1
703 3644  1
1832 3651  1
1534 3657  1
3088 3662  1
180 3664  1
2963 3664  1
767 3666  1
1034 3666  1
1349 3666  1
539 3667  1
1045 3667  1
1836 3667  1
1948 3667  1
3450 3673  1
3359 3674  1
2853 3681  1
139 3682  1
316 3682  1
3185 3685  1
3556 3687  1
3329 3689  1
676 3690  1
1912 3690  1
158 3694  1
2237 3697  1
730 3700  1
3258 3700  1
2699 3703  1
3626 3705  1
2500 3707  1
2580 3708  1
3018 3708  1
2256 3710  1
974 3718  1
3318 3718  1
896 3719  1
727 3722  1
3697 3722  1
2303 3726  1
3287 3726  1
2675 3727  1
3301 3728  1
3644 3729  1
3341 3732  1
315 3733  1
382 3734  1
2190 3745  1
1424 3746  1
1287 3748  1
1746 3748  1
3062 3749  1
2897 3750  1
668 3751  1
1607 3753  1
1825 3753  1
2232 3753  1
3452 3753  1
2903 3755  1
1469 3757  1
1771 3757  1
3251 3759  1
1032 3762  1
655 3776  1
230 3783  1
108 3786  1
1679 3788  1
2117 3789  1
1444 3790  1
1887 3793  1
233 3800  1
1004 3801  1
1164 3806  1
1965 3807  1
1871 3808  1
3582 3808  1
3788 3809  1
176 3814  1
22 3815  1
2457 3816  1
3067 3816  1
427 3818  1
242 3819  1
3538 3822  1
1891 3830  1
2752 3833  1
249 3835  1
1142 3835  1
1637 3851  1
1979 3851  1
812 3854  1
859 3854  1
1780 3855  1
2567 3855  1
3788 3856  1
373 3858  1
1628 3858  1
266 3862  1
573 3866  1
1691 3868  1
3549 3868  1
1437 3871  1
310 3875  1
1790 3877  1
3405 3877  1
3776 3879  1
2254 3880  1
3339 3880  1
1509 3883  1
3106 3883  1
93 3886  1
1938 3886  1
1322 3887  1
2171 3888  1
3790 3891  1
2918 3892  1
3459 3893  1
2944 3894  1
2830 3896  1
3079 3900  1
3033 3902  1
2005 3904  1
12 3907  1
264 3912  1
517 3913  1
19 3915  1
1713 3915  1
3648 3915  1
785 3919  1
1313 3921  1
3913 3921  1
85 3923  1
646 3925  1
3467 3927  1
3751 3927  1
117 3930  1
947 3934  1
1370 3935  1
1374 3935  1
2351 3936  1
1075 3938  1
2062 3942  1
617 3943  1
3503 3943  1
3673 3943  1
3878 3947  1
3237 3949  1
1237 3951  1
3644 3951  1
1461 3953  1
109 3955  1
3479 3957  1
2187 3960  1
1389 3961  1
3561 3961  1
1397 3962  1
2394 3962  1
1319 3968  1
802 3972  1
1166 3972  1
1495 3972  1
3400 3972  1
2849 3973  1
3858 3976  1
1414 3977  1
910 3979  1
2737 3979  1
2969 3981  1
2149 3982  1
327 3986  1
1430 3988  1
1852 3991  1
282 3993  1
1592 3994  1
2530 3994  1
3961 4001  1
3755 4002  1
3689 4003  1
1715 4008  1
940 4009  1
2579 4009  1
2451 4010  1
3997 4010  1
2264 4011  1
1701 4012  1
2824 4014  1
623 4016  1
664 4016  1
765 4022  1
1611 4025  1
527 4026  1
1238 4028  1
3552 4029  1
2139 4030  1
3495 4033  1
1066 4034  1
1804 4036  1
1386 4042  1
2269 4043  1
3929 4043  1
2872 4046  1
2567 4047  1
3598 4047  1
3854 4047  1
478 4050  1
1987 4050  1
224 4053  1
798 4054  1
1360 4054  1
2473 4054  1
788 4055  1
362 4057  1
3600 4058  1
2351 4063  1
784 4074  1
1381 4077  1
1676 4077  1
2025 4077  1
80 4080  1
3987 4081  1
3926 4082  1
1239 4083  1
3260 4083  1
3206 4086  1
3230 4087  1
3093 4091  1
3412 4093  1
578 4095  1
2421 4096  1
2276 4099  1
2413 4099  1
2937 4099  1
2724 4100  1
3750 4102  1
3614 4104  1
2519 4106  1
3007 4107  1
244 4117  1
580 4117  1
3969 4118  1
3363 4119  1
2524 4123  1
1711 4127  1
3398 4128  1
899 4129  1
1276 4130  1
2794 4130  1
969 4131  1
1630 4131  1
3669 4131  1
1760 4132  1
233 4139  1
3078 4142  1
1919 4144  1
1183 4145  1
1913 4148  1
2890 4148  1
3058 4148  1
1347 4157  1
495 4158  1
689 4158  1
2057 4159  1
648 4160  1
2208 4162  1
1149 4163  1
1938 4165  1
2902 4167  1
7 4176  1
1894 4176  1
3860 4176  1
1243 4177  1
2324 4177  1
3286 4178  1
3578 4179  1
432 4181  1
1565 4183  1
4104 4183  1
1940 4185  1
3502 4187  1
3851 4188  1
2583 4191  1
1951 4193  1
2560 4194  1
2213 4195  1
4008 4199  1
2859 4202  1
2297 4203  1
4036 4204  1
2065 4205  1
65 4207  1
3613 4207  1
2854 4208  1
3659 4218  1
3406 4221  1
3916 4222  1
1242 4227  1
4038 4228  1
1001 4229  1
2702 4233  1
4083 4240  1
2065 4241  1
856 4242  1
3608 4243  1
3368 4244  1
2100 4245  1
2351 4245  1
810 4246  1
2900 4247  1
3353 4247  1
3008 4248  1
417 4249  1
3277 4249  1
1593 4252  1
2243 4253  1
3187 4254  1
510 4255  1
1813 4257  1
3624 4258  1
2367 4259  1
3226 4265  1
1168 4266  1
1346 4270  1
15 4271  1
3613 4271  1
1227 4272  1
1665 4276  1
2562 4276  1
2321 4281  1
3144 4281  1
4002 4281  1
196 4282  1
2730 4283  1
3799 4284  1
3092 4285  1
768 4287  1
3432 4292  1
4222 4292  1
2556 4293  1
2779 4294  1
1487 4297  1
1398 4301  1
4264 4303  1
3872 4305  1
3176 4306  1
2447 4309  1
3511 4309  1
3478 4310  1
3484 4310  1
63 4312  1
2912 4312  1
3470 4314  1
3481 4314  1
2815 4315  1
1786 4317  1
1979 4317  1
3332 4317  1
1784 4320  1
2710 4321  1
1535 4322  1
2419 4322  1
177 4327  1
3494 4327  1
4236 4328  1
3835 4329  1
2568 4330  1
224 4334  1
1663 4337  1
2104 4340  1
2656 4342  1
3553 4342  1
3150 4343  1
2356 4344  1
2052 4356  1
3238 4357  1
1822 4358  1
2131 4359  1
2975 4360  1
945 4365  1
2838 4365  1
2607 4366  1
1721 4367  1
1824 4369  1
2703 4369  1
487 4374  1
734 4374  1
889 4374  1
1270 4374  1
4025 4374  1
471 4375  1
1238 4378  1
126 4381  1
380 4382  1
247 4387  1
782 4388  1
3697 4389  1
992 4395  1
1536 4398  1
3381 4400  1
4285 4402  1
306 4403  1
106 4409  1
651 4410  1
1830 4414  1
3531 4415  1
4179 4420  1
2858 4421  1
3504 4421  1
3355 4426  1
196 4432  1
3279 4433  1
3309 4435  1
2273 4436  1
2763 4436  1
4171 4436  1
2050 4437  1
485 4441  1
4365 4441  1
938 4443  1
2092 4444  1
4167 4445  1
1436 4446  1
4093 4448  1
3947 4449  1
3178 4452  1
3883 4453  1
1755 4456  1
3671 4459  1
3498 4460  1
1809 4461  1
1930 4461  1
2097 4463  1
3779 4464  1
4464 4465  1
1491 4466  1
1748 4466  1
130 4467  1
3652 4472  1
944 4473  1
2330 4474  1
2887 4474  1
1563 4475  1
585 4476  1
2666 4477  1
2043 4480  1
3007 4483  1
3784 4484  1
629 4486  1
1077 4487  1
3257 4493  1
2317 4494  1
1294 4496  1
1563 4496  1
3018 4499  1
4346 4500  1
4258 4501  1
1923 4502  1
1398 4506  1
3832 4507  1
4275 4507  1
683 4508  1
997 4508  1
1250 4508  1
2217 4510  1
4366 4514  1
748 4515  1
1696 4517  1
2480 4518  1
563 4519  1
1516 4519  1
4248 4519  1
2381 4522  1
2404 4522  1
2582 4523  1
2068 4524  1
2526 4525  1
1081 4527  1
3009 4527  1
4231 4528  1
377 4529  1
788 4532  1
1350 4533  1
3823 4534  1
3456 4537  1
622 4541  1
940 4543  1
4410 4546  1
813 4550  1
2832 4556  1
4395 4556  1
1299 4557  1
263 4558  1
4120 4558  1
3404 4559  1
69 4563  1
3768 4563  1
2277 4566  1
2223 4567  1
4442 4570  1
4511 4570  1
1325 4575  1
1820 4575  1
610 4579  1
4137 4579  1
1131 4580  1
2203 4580  1
4495 4580  1
1252 4582  1
4331 4588  1
1468 4589  1
1859 4590  1
1283 4591  1
2483 4593  1
1858 4594  1
255 4595  1
4475 4595  1
3906 4598  1
491 4599  1
4079 4601  1
3768 4603  1
4120 4603  1
3266 4604  1
4165 4604  1
4266 4604  1
720 4609  1
957 4610  1
2345 4613  1
2458 4614  1
3491 4618  1
4356 4618  1
4117 4619  1
95 4620  1
1362 4621  1
4186 4621  1
3321 4623  1
2941 4624  1
4493 4625  1
4485 4627  1
11 4628  1
3464 4628  1
3708 4628  1
514 4629  1
267 4631  1
1193 4631  1
1861 4631  1
3830 4634  1
350 4635  1
1504 4638  1
1659 4638  1
2662 4638  1
16 4641  1
4174 4642  1
3110 4645  1
3476 4645  1
286 4648  1
4235 4650  1
37 4651  1
38 4652  1
3367 4652  1
3930 4653  1
601 4659  1
1014 4659  1
467 4662  1
449 4663  1
1050 4663  1
759 4666  1
1479 4666  1
3577 4668  1
720 4669  1
3729 4674  1
1940 4676  1
3896 4677  1
1082 4678  1
3529 4680  1
4360 4682  1
1934 4686  1
1337 4689  1
1570 4690  1
1726 4690  1
2593 4690  1
3383 4698  1
1615 4701  1
3453 4701  1
3845 4701  1
310 4703  1
2389 4706  1
3350 4706  1
2152 4707  1
2468 4709  1
2726 4714  1
2045 4715  1
3373 4715  1
3810 4716  1
1412 4719  1
233 4720  1
497 4721  1
688 4721  1
1039 4721  1
3263 4723  1
317 4724  1
1623 4728  1
752 4732  1
999 4733  1
3402 4733  1
649 4734  1
450 4736  1
3037 4743  1
368 4745  1
1016 4745  1
1203 4747  1
2760 4749  1
1230 4752  1
1719 4753  1
2169 4755  1
1174 4756  1
2199 4757  1
824 4761  1
3679 4761  1
528 4764  1
2114 4764  1
3014 4766  1
774 4767  1
2150 4770  1
628 4774  1
4423 4774  1
4722 4774  1
2879 4775  1
3584 4775  1
886 4776  1
1026 4776  1
140 4777  1
4225 4777  1
4182 4778  1
3243 4780  1
1285 4783  1
97 4785  1
4240 4788  1
4418 4789  1
3011 4793  1
1755 4794  1
76 4798  1
1112 4799  1
3832 4800  1
49 4801  1
2652 4802  1
4300 4803  1
1298 4804  1
1387 4805  1
2323 4805  1
432 4808  1
947 4808  1
1577 4810  1
3872 4811  1
877 4812  1
2420 4814  1
4737 4816  1
1847 4819  1
214 4820  1
306 4826  1
2434 4826  1
2588 4828  1
1 4829  1
1289 4832  1
3012 4833  1
3645 4836  1
4676 4839  1
1998 4840  1
3335 4844  1
4198 4844  1
291 4845  1
3064 4845  1
366 4849  1
4560 4850  1
1942 4857  1
2682 4857  1
3976 4857  1
3384 4858  1
2329 4859  1
2633 4861  1
4620 4861  1
3167 4862  1
3226 4862  1
630 4863  1
4776 4863  1
3446 4865  1
2615 4868  1
2750 4871  1
2017 4876  1
3132 4876  1
4539 4876  1
3575 4877  1
846 4880  1
344 4882  1
2330 4883  1
213 4892  1
2245 4893  1
1924 4895  1
1019 4896  1
2950 4897  1
2993 4901  1
2764 4904  1
817 4905  1
4074 4908  1
4248 4909  1
1388 4911  1
3354 4912  1
3524 4914  1
4195 4916  1
4602 4916  1
4529 4920  1
3561 4921  1
84 4922  1
2292 4923  1
4427 4924  1
4252 4926  1
4335 4926  1
4490 4926  1
4273 4927  1
4893 4928  1
4380 4933  1
249 4934  1
3160 4938  1
2979 4941  1
1031 4944  1
1715 4945  1
2845 4947  1
658 4948  1
1477 4956  1
3283 4958  1
1301 4959  1
2985 4961  1
1738 4963  1
1070 4964  1
2450 4964  1
1357 4966  1
3018 4967  1
2570 4970  1
4378 4977  1
3673 4978  1
2571 4979  1
3106 4981  1
3359 4984  1
4332 4985  1
582 4986  1
4011 4987  1
4541 4987  1
3224 4989  1
2868 4990  1
399 4991  1
4077 4992  1
2410 4995  1
297 4999  1
718 5000  1
3968 5002  1
752 5003  1
319 5008  1
2354 5008  1
2879 5009  1
4969 5011  1
2103 5014  1
37 5015  1
4668 5015  1
3376 5017  1
516 5023  1
1995 5030  1
1245 5033  1
4160 5037  1
1949 5038  1
4011 5038  1
558 5039  1
4517 5040  1
3692 5043  1
243 5047  1
3513 5047  1
849 5049  1
2571 5050  1
3026 5051  1
3169 5051  1
1588 5052  1
1023 5053  1
211 5054  1
4650 5055  1
3734 5056  1
3467 5057  1
3650 5057  1
1597 5060  1
5020 5062  1
1498 5063  1
4443 5063  1
420 5065  1
450 5066  1
956 5066  1
988 5067  1
2532 5070  1
3383 5070  1
1555 5071  1
1284 5075  1
1370 5075  1
489 5078  1
4689 5079  1
418 5080  1
4646 5081  1
5073 5082  1
708 5083  1
2615 5083  1
4513 5083  1
2364 5085  1
4508 5085  1
542 5086  1
852 5087  1
558 5090  1
4981 5091  1
986 5094  1
3895 5095  1
5036 5095  1
2386 5097  1
2168 5098  1
4239 5101  1
4213 5102  1
4948 5103  1
4381 5104  1
1322 5107  1
3083 5107  1
3227 5109  1
2243 5110  1
3045 5110  1
3294 5113  1
1408 5116  1
1607 5116  1
2564 5118  1
1129 5120  1
3122 5123  1
3273 5123  1
2980 5124  1
1106 5127  1
2007 5129  1
3813 5133  1
1500 5136  1
1566 5136  1
832 5142  1
1790 5142  1
4512 5142  1
943 5143  1
1582 5144  1
1049 5147  1
4072 5148  1
2644 5154  1
550 5158  1
3809 5158  1
2393 5160  1
778 5162  1
1779 5163  1
279 5166  1
5130 5171  1
2656 5172  1
995 5173  1
2429 5173  1
1035 5174  1
4425 5174  1
4609 5175  1
2703 5180  1
1044 5182  1
3557 5182  1
3415 5184  1
4432 5185  1
5072 5185  1
5127 5186  1
3314 5190  1
3483 5192  1
248 5195  1
4781 5195  1
5136 5195  1
4603 5196  1
163 5198  1
1643 5199  1
2063 5200  1
4919 5201  1
4388 5202  1
1468 5203  1
3343 5203  1
198 5207  1
4174 5207  1
4790 5207  1
517 5208  1
1801 5208  1
3655 5208  1
493 5212  1
5062 5217  1
34 5218  1
1046 5219  1
3510 5219  1
3684 5220  1
923 5222  1
4218 5224  1
34 5225  1
3884 5226  1
4827 5230  1
4930 5231  1
3899 5232  1
2662 5234  1
4655 5234  1
983 5235  1
4044 5240  1
1147 5241  1
1616 5245  1
691 5248  1
329 5249  1
1620 5251  1
1773 5252  1
3128 5252  1
2370 5253  1
2952 5253  1
4976 5254  1
420 5255  1
2917 5256  1
789 5257  1
566 5259  1
1766 5260  1
1196 5263  1
2363 5263  1
617 5265  1
856 5266  1
1637 5267  1
153 5274  1
1820 5274  1
2530 5277  1
2340 5278  1
744 5279  1
3658 5279  1
4570 5279  1
2567 5281  1
2073 5282  1
642 5284  1
2653 5284  1
5178 5285  1
281 5292  1
350 5293  1
3334 5295  1
3832 5295  1
4946 5297  1
2325 5299  1
3364 5299  1
423 5300  1
4920 5301  1
3926 5302  1
4721 5302  1
240 5303  1
2797 5304  1
4831 5304  1
1528 5305  1
3636 5307  1
4442 5307  1
4533 5308  1
4915 5309  1
57 5310  1
559 5312  1
1965 5313  1
257 5316  1
4820 5316  1
1830 5319  1
3692 5320  1
2882 5322  1
4936 5323  1
3704 5324  1
4521 5325  1
2581 5328  1
2690 5328  1
2455 5329  1
355 5330  1
5306 5330  1
3682 5332  1
4347 5333  1
557 5338  1
3028 5344  1
2677 5346  1
2432 5350  1
3206 5350  1
3514 5350  1
5304 5351  1
2237 5352  1
124 5353  1
2362 5354  1
1333 5355  1
2014 5355  1
5194 5355  1
141 5359  1
4650 5360  1
377 5362  1
3714 5362  1
873 5364  1
2695 5364  1
2057 5365  1
3801 5371  1
654 5372  1
1314 5372  1
2053 5373  1
3299 5373  1
4159 5374  1
1942 5375  1
729 5376  1
987 5376  1
4192 5377  1
1577 5378  1
2592 5379  1
4956 5381  1
53 5386  1
3541 5387  1
5167 5388  1
5319 5388  1
1257 5393  1
2010 5393  1
2259 5393  1
1324 5394  1
2320 5394  1
3315 5394  1
873 5395  1
1078 5396  1
3093 5396  1
5077 5398  1
5097 5401  1
2833 5404  1
244 5409  1
378 5411  1
2431 5411  1
3456 5411  1
1346 5412  1
3828 5412  1
3927 5412  1
148 5414  1
581 5415  1
1198 5415  1
1845 5415  1
1565 5416  1
615 5417  1
1432 5417  1
3461 5420  1
2526 5423  1
3844 5423  1
4168 5423  1
4066 5424  1
5334 5424  1
623 5425  1
2004 5425  1
3751 5425  1
3269 5426  1
5174 5426  1
43 5427  1
2976 5427  1
4664 5429  1
292 5432  1
2329 5432  1
1077 5434  1
1313 5434  1
505 5438  1
3363 5440  1
4780 5440  1
2888 5443  1
3635 5448  1
3794 5449  1
3060 5450  1
3142 5454  1
1980 5457  1
856 5458  1
3971 5462  1
1104 5464  1
276 5467  1
511 5467  1
1929 5467  1
3172 5467  1
913 5468  1
3944 5468  1
2068 5469  1
5269 5473  1
3477 5474  1
4874 5477  1
5073 5477  1
5258 5477  1
3578 5480  1
2768 5481  1
2423 5482  1
4273 5482  1
552 5483  1
3530 5485  1
3133 5486  1
4842 5492  1
944 5493  1
1609 5493  1
2390 5493  1
4022 5493  1
4188 5494  1
1240 5497  1
4368 5501  1
3224 5509  1
1535 5512  1
2322 5513  1
78 5517  1
4654 5517  1
3619 5521  1
923 5523  1
2741 5524  1
1474 5528  1
4538 5530  1
4618 5530  1
4630 5530  1
4140 5531  1
5321 5532  1
4389 5535  1
3334 5536  1
176 5537  1
1808 5537  1
2468 5538  1
3816 5538  1
2287 5539  1
4258 5540  1
3308 5541  1
3281 5543  1
3204 5545  1
3006 5546  1
4274 5546  1
3731 5549  1
5281 5549  1
5410 5555  1
360 5556  1
2753 5556  1
4763 5556  1
1165 5561  1
2302 5561  1
1504 5562  1
3195 5563  1
1274 5565  1
4732 5566  1
1803 5567  1
3979 5567  1
3213 5568  1
48 5569  1
1846 5570  1
3349 5573  1
4641 5573  1
2692 5574  1
1856 5575  1
740 5577  1
2949 5577  1
5464 5579  1
5317 5580  1
2950 5582  1
4810 5583  1
1376 5586  1
1710 5590  1
2056 5590  1
485 5591  1
3640 5593  1
1925 5598  1
3195 5599  1
2580 5604  1
5134 5605  1
4987 5610  1
5202 5612  1
3496 5613  1
1318 5614  1
470 5615  1
5027 5615  1
1587 5616  1
1682 5617  1
3481 5618  1
2419 5620  1
2746 5620  1
3771 5620  1
2834 5623  1
4347 5625  1
4348 5626  1
4137 5627  1
5226 5629  1
2087 5630  1
1967 5632  1
323 5633  1
2845 5633  1
892 5634  1
3915 5636  1
3738 5637  1
880 5638  1
699 5640  1
5211 5640  1
5467 5642  1
1857 5643  1
4576 5645  1
1506 5648  1
5077 5648  1
3952 5651  1
1499 5657  1
2237 5660  1
5073 5660  1
652 5663  1
44 5664  1
5504 5664  1
3152 5665  1
3257 5666  1
3307 5667  1
5530 5668  1
295 5670  1
1437 5671  1
789 5675  1
5675 5678  1
2525 5682  1
1883 5683  1
2433 5684  1
2603 5685  1
5222 5685  1
5180 5686  1
3218 5690  1
2504 5691  1
2388 5694  1
2678 5697  1
895 5698  1
2411 5698  1
2479 5698  1
2341 5699  1
920 5701  1
2630 5701  1
2154 5706  1
5025 5706  1
5371 5708  1
631 5709  1
4020 5710  1
5200 5710  1
4292 5711  1
1129 5712  1
4208 5715  1
330 5717  1
1231 5718  1
5531 5720  1
3736 5721  1
4958 5721  1
4913 5723  1
3065 5724  1
1411 5725  1
3837 5726  1
5371 5726  1
5488 5726  1
2764 5729  1
3032 5731  1
2103 5732  1
2256 5734  1
2274 5734  1
2794 5734  1
2832 5735  1
1017 5736  1
2108 5736  1
3660 5737  1
1363 5739  1
5695 5739  1
5056 5741  1
680 5742  1
1214 5742  1
1049 5743  1
1905 5743  1
2784 5743  1
5269 5744  1
819 5745  1
2333 5745  1
2128 5746  1
930 5749  1
2661 5752  1
4238 5753  1
5238 5754  1
2262 5756  1
3245 5759  1
3867 5759  1
2798 5761  1
3102 5762  1
2180 5766  1
4902 5766  1
756 5772  1
5063 5772  1
4489 5774  1
5672 5774  1
104 5776  1
4356 5777  1
5107 5779  1
1460 5780  1
4014 5780  1
2761 5782  1
4852 5782  1
3713 5787  1
5680 5787  1
831 5788  1
2713 5788  1
791 5798  1
3170 5799  1
3658 5801  1
318 5802  1
2466 5802  1
3068 5805  1
3591 5805  1
525 5807  1
4803 5807  1
2243 5809  1
2614 5810  1
4311 5810  1
4997 5810  1
2766 5811  1
5509 5811  1
5576 5811  1
4306 5812  1
1718 5815  1
3761 5817  1
3599 5818  1
1334 5819  1
5102 5820  1
2552 5821  1
2868 5822  1
5125 5822  1
2990 5825  1
1404 5826  1
2350 5826  1
3310 5827  1
5274 5827  1
2333 5828  1
1925 5829  1
4895 5829  1
5765 5829  1
5131 5831  1
3891 5833  1
4037 5834  1
5435 5837  1
2606 5839  1
265 5843  1
1352 5846  1
4830 5846  1
1000 5847  1
3450 5849  1
3017 5850  1
3316 5850  1
384 5853  1
5003 5854  1
2706 5856  1
389 5857  1
530 5858  1
4464 5858  1
25 5862  1
4317 5865  1
524 5866  1
4089 5866  1
3032 5868  1
3170 5868  1
1516 5869  1
3430 5869  1
2085 5871  1
1788 5872  1
2486 5872  1
1767 5874  1
3960 5875  1
3690 5876  1
4340 5877  1
3243 5878  1
233 5881  1
1005 5881  1
5180 5882  1
4392 5884  1
3488 5886  1
937 5889  1
4076 5890  1
2775 5892  1
1531 5893  1
28 5894  1
3499 5894  1
4259 5895  1
681 5896  1
4171 5897  1
4908 5897  1
1547 5898  1
5231 5900  1
1789 5901  1
3021 5901  1
3271 5902  1
4296 5902  1
5154 5902  1
5065 5903  1
2360 5906  1
5341 5907  1
591 5908  1
2549 5908  1
3697 5908  1
667 5909  1
1290 5910  1
2765 5911  1
2036 5912  1
4895 5913  1
776 5914  1
2010 5919  1
5006 5919  1
3229 5920  1
3863 5920  1
3980 5921  1
4225 5921  1
37 5922  1
3450 5922  1
5790 5925  1
1558 5927  1
4606 5927  1
555 5928  1
2238 5928  1
3057 5928  1
3789 5929  1
4603 5930  1
5329 5933  1
2274 5935  1
4045 5935  1
720 5936  1
2380 5936  1
1114 5941  1
986 5948  1
1686 5950  1
4482 5950  1
2084 5951  1
2953 5953  1
1563 5955  1
2870 5955  1
5267 5956  1
1266 5960  1
1312 5960  1
2500 5960  1
4186 5960  1
5908 5964  1
2486 5966  1
4742 5967  1
3845 5968  1
4683 5969  1
2018 5970  1
5292 5972  1
1091 5973  1
4347 5980  1
1330 5981  1
5296 5982  1
2508 5983  1
2599 5985  1
4837 5985  1
5447 5985  1
3147 5987  1
5089 5990  1
454 5992  1
4672 5993  1
1398 5994  1
2776 5994  1
4763 5994  1
5511 5994  1
2637 5995  1
5036 5996  1
5384 5998  1
689 5999  1
2250 6003  1
5984 6003  1
1235 6005  1
1795 6005  1
1568 6006  1
1029 6010  1
5001 6013  1
4128 6014  1
5551 6015  1
5386 6017  1
1773 6018  1
3371 6020  1
4257 6020  1
80 6022  1
5754 6022  1
4162 6023  1
896 6024  1
562 6025  1
6015 6027  1
272 6028  1
2542 6028  1
1501 6029  1
798 6032  1
952 6034  1
4145 6034  1
5236 6034  1
2576 6035  1
1585 6036  1
4317 6037  1
5668 6040  1
5148 6042  1
5638 6043  1
2547 6047  1
1168 6049  1
664 6051  1
883 6052  1
3635 6052  1
3017 6053  1
1030 6054  1
1165 6054  1
1230 6054  1
2998 6055  1
4578 6057  1
5563 6057  1
1738 6058  1
3302 6059  1
1272 6061  1
534 6062  1
5605 6063  1
2826 6064  1
2240 6068  1
141 6069  1
5317 6072  1
5447 6072  1
3548 6073  1
5500 6073  1
6061 6075  1
3188 6076  1
3253 6076  1
5607 6078  1
5822 6082  1
3103 6083  1
911 6084  1
5973 6084  1
5260 6085  1
3967 6086  1
1719 6087  1
1028 6089  1
5121 6090  1
224 6091  1
796 6091  1
968 6091  1
1590 6092  1
3552 6094  1
4674 6095  1
4063 6097  1
1903 6100  1
5660 6100  1
2710 6102  1
1430 6103  1
5071 6103  1
5439 6103  1
3685 6105  1
3707 6105  1
4864 6108  1
2320 6111  1
2759 6114  1
2139 6115  1
2611 6115  1
5301 6115  1
5231 6118  1
2718 6120  1
3450 6120  1
2145 6121  1
492 6122  1
2982 6122  1
4283 6122  1
4783 6123  1
4800 6123  1
4641 6124  1
884 6126  1
1544 6127  1
344 6133  1
5789 6133  1
2226 6136  1
5930 6136  1
1806 6139  1
6015 6140  1
5175 6141  1
1821 6142  1
241 6145  1
490 6145  1
3622 6145  1
87 6146  1
2987 6146  1
675 6150  1
2238 6155  1
5448 6155  1
1153 6156  1
575 6157  1
2365 6157  1
4448 6161  1
4780 6161  1
1422 6162  1
1899 6163  1
2366 6163  1
3358 6164  1
5484 6167  1
23 6169  1
4841 6170  1
3727 6172  1
5326 6172  1
5321 6173  1
5614 6174  1
2605 6177  1
3772 6179  1
4866 6179  1
1686 6180  1
1149 6181  1
1499 6181  1
4277 6182  1
4565 6183  1
934 6184  1
475 6185  1
2751 6187  1
4597 6193  1
4606 6194  1
614 6197  1
3561 6197  1
3669 6197  1
449 6201  1
957 6202  1
2059 6202  1
2141 6203  1
3410 6203  1
3457 6203  1
3194 6204  1
6045 6205  1
5294 6208  1
2719 6209  1
3016 6212  1
773 6213  1
1860 6219  1
4666 6220  1
2766 6222  1
3934 6222  1
5080 6225  1
5533 6226  1
3715 6227  1
181 6229  1
2597 6232  1
4438 6234  1
2722 6236  1
1227 6237  1
838 6238  1
2539 6239  1
2252 6240  1
1446 6242  1
3812 6242  1
626 6244  1
705 6244  1
3239 6245  1
2610 6246  1
3277 6247  1
1239 6249  1
2055 6251  1
4926 6251  1
2297 6252  1
2433 6253  1
4510 6253  1
6141 6253  1
2773 6254  1
2186 6255  1
3643 6256  1
5411 6256  1
1249 6258  1
1804 6260  1
4021 6262  1
3516 6264  1
3941 6265  1
1865 6267  1
3609 6268  1
2076 6269  1
3968 6276  1
6229 6278  1
4374 6279  1
1850 6283  1
1380 6284  1
4169 6284  1
3022 6285  1
6068 6285  1
4304 6288  1
2822 6289  1
5671 6292  1
3615 6294  1
2451 6295  1
5929 6296  1
5742 6298  1
2720 6299  1
860 6303  1
3437 6303  1
5238 6304  1
3446 6305  1
3529 6306  1
4087 6307  1
1779 6308  1
1252 6311  1
1777 6311  1
353 6312  1
5712 6312  1
5904 6314  1
1597 6316  1
2383 6316  1
1192 6318  1
1456 6318  1
2383 6320  1
704 6321  1
2347 6323  1
1174 6324  1
6041 6326  1
6289 6326  1
1816 6328  1
4467 6328  1
103 6332  1
3403 6332  1
5218 6333  1
5958 6333  1
1369 6335  1
5589 6335  1
1475 6336  1
3255 6336  1
1020 6337  1
5211 6337  1
3515 6339  1
3782 6340  1
1495 6345  1
2272 6346  1
4331 6346  1
515 6348  1
2834 6348  1
2007 6349  1
3847 6350  1
398 6353  1
5826 6353  1
2664 6354  1
2799 6355  1
4526 6356  1
4960 6356  1
1155 6359  1
5470 6359  1
6069 6360  1
3237 6362  1
2964 6363  1
5239 6364  1
5359 6364  1
3924 6366  1
2551 6369  1
2780 6369  1
3250 6369  1
4566 6369  1
93 6371  1
2185 6371  1
4046 6371  1
6036 6372  1
637 6373  1
5524 6375  1
728 6378  1
3099 6379  1
6315 6379  1
4794 6380  1
1352 6381  1
4969 6382  1
3644 6384  1
698 6388  1
3212 6388  1
1214 6390  1
5013 6391  1
3840 6392  1
4423 6393  1
5480 6397  1
1537 6398  1
4882 6398  1
2784 6401  1
2156 6402  1
3592 6403  1
2846 6407  1
211 6409  1
4044 6409  1
5392 6409  1
5558 6411  1
5649 6411  1
5709 6411  1
214 6413  1
6408 6414  1
2309 6417  1
1245 6419  1
5611 6422  1
128 6423  1
1175 6423  1
3916 6424  1
4949 6425  1
3248 6426  1
6390 6426  1
4145 6429  1
5196 6429  1
231 6430  1
4571 6430  1
1309 6433  1
4627 6434  1
4235 6435  1
5020 6437  1
234 6438  1
458 6439  1
2535 6440  1
712 6442  1
306 6443  1
1021 6443  1
3645 6444  1
4456 6446  1
885 6448  1
3447 6448  1
1169 6451  1
1812 6451  1
1736 6453  1
2521 6454  1
5630 6460  1
3542 6461  1
6275 6466  1
2421 6467  1
181 6468  1
3693 6468  1
3844 6470  1
6292 6472  1
2895 6474  1
3431 6481  1
697 6482  1
4038 6483  1
1161 6484  1
5729 6484  1
2473 6485  1
5711 6485  1
3299 6488  1
3654 6490  1
1952 6491  1
1365 6492  1
892 6494  1
2542 6495  1
4474 6495  1
4558 6495  1
5705 6497  1
5518 6498  1
5520 6498  1
6026 6498  1
2985 6499  1
399 6501  1
1564 6501  1
2479 6501  1
4964 6501  1
471 6503  1
1428 6504  1
6091 6504  1
4579 6513  1
1086 6514  1
2190 6514  1
2437 6516  1
3616 6517  1
1879 6518  1
2625 6518  1
3018 6518  1
6448 6518  1
5878 6521  1
2353 6523  1
4447 6524  1
964 6527  1
3252 6528  1
2534 6531  1
5400 6531  1
3117 6532  1
5984 6532  1
1680 6533  1
3825 6535  1
1572 6536  1
2258 6542  1
4037 6542  1
4963 6543  1
5877 6543  1
2096 6545  1
5735 6546  1
5346 6548  1
4106 6551  1
5473 6551  1
5843 6553  1
2732 6555  1
2794 6556  1
4720 6556  1
3645 6558  1
1219 6560  1
1208 6561  1
5045 6564  1
5280 6564  1
1956 6565  1
4568 6569  1
3251 6572  1
127 6574  1
4856 6575  1
211 6576  1
380 6577  1
1616 6577  1
4781 6578  1
2941 6580  1
6057 6580  1
2912 6583  1
1883 6584  1
6265 6584  1
402 6586  1
6193 6587  1
4564 6588  1
6517 6588  1
130 6589  1
4137 6589  1
6473 6589  1
879 6590  1
4350 6591  1
2896 6592  1
526 6593  1
5230 6593  1
5763 6593  1
3922 6597  1
756 6600  1
5851 6602  1
4643 6607  1
665 6608  1
1749 6609  1
2734 6611  1
4037 6611  1
4729 6611  1
5916 6611  1
6147 6613  1
482 6614  1
961 6614  1
1211 6616  1
1866 6617  1
2052 6617  1
6416 6617  1
5278 6618  1
729 6621  1
1247 6622  1
3678 6623  1
1516 6625  1
5143 6626  1
2070 6627  1
4909 6627  1
262 6628  1
1276 6629  1
5076 6629  1
5542 6629  1
632 6630  1
5276 6630  1
2212 6633  1
4181 6633  1
5329 6633  1
1612 6636  1
5683 6637  1
6221 6637  1
681 6638  1
3007 6639  1
1912 6640  1
6533 6640  1
3945 6641  1
3951 6641  1
2407 6642  1
2433 6642  1
5584 6643  1
6335 6647  1
5269 6650  1
398 6651  1
1100 6654  1
2877 6654  1
1111 6655  1
4836 6655  1
719 6657  1
1100 6661  1
4119 6662  1
6121 6662  1
6206 6662  1
490 6663  1
5343 6663  1
4685 6665  1
2963 6666  1
194 6667  1
1146 6667  1
3427 6669  1
3940 6669  1
4051 6669  1
707 6671  1
3182 6672  1
1320 6673  1
738 6674  1
2722 6674  1
6249 6678  1
3490 6680  1
3028 6682  1
4608 6684  1
68 6686  1
2666 6686  1
4876 6689  1
2321 6690  1
5184 6690  1
2643 6693  1
1767 6697  1
2651 6701  1
3873 6702  1
4094 6704  1
4544 6705  1
2158 6707  1
306 6711  1
4670 6712  1
4768 6712  1
5499 6713  1
6460 6714  1
5587 6715  1
422 6717  1
453 6719  1
1565 6720  1
2679 6720  1
1180 6722  1
3576 6722  1
3400 6723  1
2473 6724  1
6275 6724  1
4836 6726  1
64 6728  1
3233 6728  1
5062 6728  1
5360 6728  1
381 6729  1
4882 6731  1
2840 6733  1
1773 6734  1
402 6735  1
732 6736  1
5347 6736  1
5743 6736  1
6379 6736  1
3351 6737  1
4782 6738  1
1570 6741  1
2811 6741  1
4159 6741  1
1556 6742  1
2763 6742  1
2456 6745  1
6445 6746  1
1182 6748  1
3506 6749  1
5703 6749  1
355 6750  1
641 6750  1
2349 6750  1
172 6751  1
6283 6751  1
1548 6752  1
4029 6752  1
3630 6753  1
4430 6755  1
5631 6755  1
4483 6756  1
1679 6757  1
2238 6758  1
5982 6759  1
479 6760  1
6235 6761  1
3499 6762  1
4779 6763  1
4491 6764  1
6679 6764  1
13 6766  1
5629 6768  1
1440 6769  1
4033 6769  1
6698 6773  1
5555 6774  1
1841 6775  1
2529 6777  1
3471 6777  1
4201 6777  1
5156 6777  1
3451 6778  1
1302 6779  1
163 6780  1
1619 6780  1
6622 6780  1
3279 6782  1
2768 6784  1
5555 6784  1
6732 6784  1
760 6785  1
3159 6785  1
6077 6785  1
4797 6790  1
3636 6792  1
1357 6794  1
6778 6795  1
5900 6798  1
2808 6800  1
4731 6800  1
828 6803  1
158 6804  1
3589 6807  1
5895 6807  1
1003 6809  1
6788 6809  1
4207 6811  1
4792 6811  1
5431 6812  1
1469 6814  1
2259 6814  1
5417 6814  1
969 6815  1
5625 6816  1
671 6817  1
3004 6817  1
3935 6817  1
4392 6817  1
3489 6818  1
3825 6818  1
472 6821  1
4898 6821  1
6297 6821  1
865 6824  1
6279 6827  1
2148 6828  1
3652 6828  1
497 6830  1
1093 6830  1
3745 6831  1
2952 6832  1
3721 6832  1
6116 6832  1
1674 6833  1
1014 6835  1
1404 6836  1
832 6837  1
6682 6837  1
356 6839  1
5635 6840  1
3054 6841  1
4952 6841  1
2062 6843  1
3638 6843  1
4121 6843  1
5672 6843  1
1227 6844  1
507 6845  1
1206 6845  1
748 6846  1
6500 6848  1
3079 6849  1
1914 6852  1
4971 6855  1
5104 6855  1
3304 6861  1
3520 6861  1
4344 6861  1
1414 6864  1
6627 6864  1
157 6867  1
3548 6867  1
6144 6868  1
2790 6869  1
2458 6871  1
4444 6871  1
519 6873  1
5935 6874  1
6089 6874  1
6181 6874  1
2653 6875  1
3582 6875  1
4901 6875  1
6643 6875  1
2232 6876  1
3218 6879  1
1575 6883  1
5500 6883  1
3290 6884  1
3962 6885  1
6303 6885  1
4666 6886  1
5380 6886  1
1478 6887  1
5277 6887  1
6878 6889  1
6775 6890  1
4421 6891  1
411 6892  1
2168 6893  1
1290 6894  1
1771 6895  1
239 6896  1
5168 6896  1
5224 6896  1
3178 6897  1
6325 6897  1
6478 6898  1
2990 6899  1
2160 6900  1
4012 6900  1
3747 6901  1
1693 6903  1
4033 6903  1
5939 6903  1
6040 6903  1
253 6904  1
2262 6904  1
49 6905  1
4533 6905  1
4613 6909  1
4941 6910  1
2984 6913  1
6352 6915  1
1782 6916  1
5854 6916  1
6445 6916  1
4841 6918  1
3750 6921  1
6159 6922  1
918 6923  1
5232 6923  1
1180 6925  1
1398 6925  1
2011 6926  1
334 6927  1
2019 6927  1
2161 6927  1
4071 6929  1
6127 6929  1
6278 6929  1
4824 6931  1
5645 6931  1
4968 6933  1
4985 6935  1
5209 6935  1
6148 6936  1
4657 6939  1
1198 6940  1
5503 6941  1
894 6942  1
6658 6943  1
980 6945  1
3381 6945  1
6630 6945  1
35 6946  1
1031 6947  1
6185 6947  1
2819 6948  1
4787 6953  1
5070 6953  1
180 6954  1
1215 6954  1
4798 6954  1
6412 6955  1
4378 6957  1
708 6958  1
5998 6959  1
3071 6961  1
5806 6961  1
2979 6963  1
3431 6963  1
5590 6964  1
1042 6967  1
6592 6968  1
2511 6970  1
4830 6975  1
4984 6975  1
1480 6976  1
673 6977  1
818 6977  1
355 6978  1
3528 6978  1
476 6979  1
3194 6979  1
613 6981  1
6569 6982  1
5587 6986  1
1567 6989  1
2911 6989  1
6738 6989  1
4266 6990  1
93 6991  1
552 6994  1
1594 6995  1
6014 6998  1
94 7000  1
481 7002  1
4167 7002  1
5577 7003  1
6989 7004  1
2888 7006  1
143 7012  1
5386 7012  1
339 7013  1
3458 7018  1
5704 7018  1
4251 7019  1
4560 7022  1
364 7023  1
2602 7024  1
5384 7026  1
2663 7027  1
5169 7027  1
6972 7029  1
1001 7030  1
4498 7030  1
261 7031  1
648 7033  1
3795 7033  1
379 7034  1
6024 7034  1
5836 7036  1
3993 7038  1
2363 7039  1
805 7041  1
3889 7041  1
4118 7042  1
4281 7042  1
4643 7042  1
4867 7044  1
1668 7045  1
5547 7045  1
6179 7047  1
580 7049  1
847 7050  1
1054 7051  1
6027 7051  1
6056 7052  1
3418 7055  1
1329 7056  1
6312 7056  1
21 7057  1
4688 7058  1
3503 7059  1
7035 7060  1
5206 7067  1
5998 7067  1
6152 7068  1
6346 7068  1
298 7069  1
4447 7072  1
89 7073  1
2041 7074  1
2344 7077  1
2749 7077  1
3019 7077  1
4135 7078  1
170 7079  1
6496 7081  1
6256 7082  1
1979 7085  1
6631 7087  1
3724 7088  1
5549 7093  1
6551 7093  1
3100 7095  1
5906 7095  1
4465 7099  1
5782 7100  1
5887 7100  1
6956 7105  1
6582 7106  1
5966 7108  1
999 7110  1
1985 7110  1
4888 7111  1
3069 7112  1
3236 7112  1
5325 7112  1
3416 7113  1
6004 7113  1
6787 7114  1
2060 7118  1
6980 7120  1
2857 7121  1
7050 7125  1
4353 7126  1
4861 7126  1
6730 7126  1
675 7128  1
3079 7129  1
2281 7134  1
2429 7139  1
3384 7140  1
5026 7140  1
5929 7140  1
1713 7141  1
2829 7141  1
2619 7143  1
2563 7144  1
3017 7145  1
3660 7145  1
655 7146  1
1166 7146  1
2611 7146  1
6650 7146  1
2318 7148  1
2855 7148  1
5853 7149  1
531 7150  1
4628 7150  1
2111 7152  1
5757 7154  1
40 7155  1
2080 7158  1
5923 7158  1
5644 7159  1
4957 7162  1
5685 7162  1
4679 7163  1
2912 7164  1
670 7165  1
4850 7165  1
593 7172  1
2035 7172  1
608 7173  1
2709 7174  1
6875 7176  1
2519 7177  1
2754 7177  1
2249 7178  1
2299 7178  1
2278 7179  1
1746 7180  1
6397 7180  1
4704 7182  1
6641 7182  1
3730 7183  1
5915 7184  1
36 7186  1
3698 7190  1
2626 7191  1
1429 7194  1
2929 7194  1
789 7197  1
3417 7197  1
5724 7198  1
5121 7199  1
1462 7200  1
2357 7200  1
3732 7204  1
3127 7205  1
1280 7206  1
2205 7206  1
3818 7206  1
4052 7206  1
5531 7206  1
6581 7209  1
6072 7211  1
2382 7212  1
2503 7212  1
1100 7214  1
2293 7214  1
4060 7217  1
962 7219  1
3213 7219  1
4913 7219  1
5768 7221  1
3839 7222  1
6770 7222  1
780 7224  1
431 7225  1
1970 7225  1
3696 7226  1
2919 7229  1
4243 7230  1
3273 7231  1
4600 7231  1
2242 7232  1
767 7240  1
3348 7240  1
5461 7240  1
7231 7241  1
143 7244  1
1262 7245  1
6929 7248  1
5290 7249  1
2409 7251  1
5150 7251  1
212 7252  1
2075 7252  1
5458 7253  1
4621 7254  1
4878 7254  1
2089 7257  1
4169 7257  1
4252 7257  1
57 7258  1
1665 7260  1
4592 7262  1
5176 7263  1
3447 7264  1
4814 7264  1
3458 7265  1
4671 7267  1
1832 7273  1
4343 7274  1
4516 7275  1
1305 7276  1
6114 7276  1
3735 7278  1
2359 7280  1
4543 7281  1
5521 7281  1
6725 7281  1
3509 7282  1
3217 7284  1
144 7285  1
2469 7286  1
1389 7291  1
6119 7294  1
1652 7295  1
4660 7296  1
3941 7297  1
3094 7298  1
3653 7298  1
3984 7298  1
279 7299  1
619 7299  1
2499 7299  1
3697 7299  1
3985 7299  1
4524 7299  1
745 7301  1
1748 7301  1
3241 7303  1
2344 7305  1
7101 7305  1
5667 7308  1
3196 7310  1
4719 7310  1
1197 7311  1
3181 7311  1
6229 7314  1
4318 7315  1
7195 7315  1
7249 7317  1
3129 7319  1
3316 7320  1
7224 7321  1
5706 7322  1
6237 7322  1
3133 7323  1
284 7326  1
4954 7327  1
6273 7327  1
6289 7327  1
6227 7329  1
6860 7330  1
5366 7332  1
2618 7337  1
3813 7337  1
1006 7338  1
989 7339  1
1455 7339  1
21 7342  1
2599 7345  1
4027 7346  1
2377 7350  1
1168 7351  1
549 7353  1
5441 7353  1
4385 7355  1
120 7356  1
2818 7356  1
2774 7357  1
5995 7357  1
6596 7358  1
98 7359  1
2947 7359  1
4729 7360  1
1878 7362  1
1278 7364  1
6592 7366  1
6492 7367  1
1632 7369  1
2268 7369  1
1103 7370  1
2879 7370  1
4281 7370  1
1890 7371  1
3332 7371  1
1750 7372  1
4315 7372  1
6556 7374  1
606 7377  1
2039 7377  1
6082 7379  1
1895 7385  1
7117 7387  1
713 7388  1
6344 7389  1
7176 7390  1
5358 7394  1
5924 7395  1
6649 7396  1
3457 7397  1
3286 7398  1
6090 7399  1
269 7400  1
1294 7400  1
2246 7400  1
4809 7400  1
6289 7403  1
4001 7408  1
3313 7410  1
273 7411  1
2897 7411  1
258 7412  1
842 7415  1
1457 7415  1
865 7416  1
6263 7418  1
1823 7422  1
2908 7424  1
334 7425  1
1978 7425  1
5225 7426  1
146 7427  1
2699 7430  1
1646 7432  1
1153 7433  1
6191 7433  1
2082 7434  1
3510 7435  1
5093 7437  1
1311 7438  1
1795 7440  1
5037 7440  1
5352 7441  1
5989 7441  1
2153 7442  1
3770 7442  1
5174 7443  1
2433 7446  1
3225 7447  1
4057 7448  1
7024 7449  1
318 7452  1
2374 7452  1
2416 7453  1
4965 7457  1
5001 7457  1
2238 7458  1
2487 7459  1
6145 7460  1
5271 7463  1
7261 7465  1
1850 7468  1
915 7469  1
6803 7472  1
1671 7473  1
6213 7477  1
7009 7477  1
7264 7477  1
438 7479  1
5290 7481  1
6636 7481  1
667 7482  1
4716 7482  1
993 7483  1
7001 7483  1
6565 7485  1
1949 7486  1
3083 7487  1
6464 7487  1
3305 7490  1
4372 7490  1
92 7491  1
3676 7494  1
735 7495  1
1907 7497  1
7189 7499  1
7420 7500  1
593 7502  1
2165 7503  1
4465 7504  1
3584 7505  1
1024 7506  1
3565 7506  1
6777 7506  1
3451 7507  1
6949 7507  1
892 7508  1
3780 7508  1
4840 7508  1
5037 7509  1
2869 7510  1
3520 7511  1
1537 7513  1
3662 7514  1
2652 7515  1
4692 7515  1
6505 7516  1
2698 7517  1
3310 7521  1
2856 7522  1
2418 7523  1
3270 7523  1
3929 7523  1
6890 7523  1
33 7524  1
1570 7525  1
4775 7525  1
1288 7526  1
6762 7526  1
1024 7527  1
1227 7529  1
5331 7530  1
5503 7530  1
4142 7532  1
4161 7533  1
1177 7535  1
1473 7537  1
1751 7537  1
1862 7537  1
5376 7539  1
1592 7542  1
6314 7543  1
6421 7545  1
1285 7546  1
2978 7547  1
2681 7548  1
4286 7548  1
6803 7549  1
5880 7554  1
49 7555  1
1859 7555  1
2662 7556  1
2325 7558  1
6376 7560  1
2219 7562  1
3665 7563  1
5786 7564  1
190 7565  1
6018 7565  1
291 7567  1
1066 7567  1
4377 7567  1
5900 7567  1
4203 7570  1
3243 7572  1
5847 7574  1
6759 7574  1
2669 7575  1
3012 7575  1
1374 7576  1
6358 7576  1
7326 7576  1
4466 7577  1
848 7581  1
1103 7581  1
7116 7581  1
6133 7583  1
884 7584  1
3119 7585  1
3588 7585  1
951 7586  1
1239 7586  1
4303 7586  1
2612 7589  1
3160 7589  1
4507 7589  1
4726 7589  1
1633 7590  1
2536 7592  1
3661 7592  1
6048 7592  1
6786 7592  1
805 7593  1
1774 7593  1
4262 7593  1
3841 7594  1
3717 7596  1
2748 7598  1
4686 7598  1
5058 7599  1
4442 7600  1
634 7601  1
2885 7601  1
6380 7601  1
3084 7603  1
485 7604  1
6096 7604  1
7521 7604  1
1795 7606  1
4249 7606  1
39 7607  1
5275 7607  1
2826 7608  1
5039 7608  1
3057 7609  1
395 7611  1
5728 7612  1
4729 7613  1
6397 7613  1
5694 7615  1
1418 7616  1
2358 7616  1
4159 7616  1
5509 7616  1
1340 7617  1
6425 7617  1
6636 7617  1
2646 7618  1
6886 7619  1
1580 7620  1
2481 7620  1
439 7621  1
2182 7621  1
6822 7622  1
3602 7625  1
7085 7625  1
1020 7626  1
1405 7626  1
3275 7626  1
6555 7626  1
323 7627  1
745 7628  1
800 7629  1
3104 7629  1
4737 7632  1
4205 7635  1
1920 7636  1
1182 7638  1
7161 7638  1
892 7643  1
1421 7643  1
2431 7647  1
6327 7647  1
2855 7648  1
949 7649  1
4715 7649  1
2531 7651  1
4913 7652  1
191 7654  1
2479 7655  1
5183 7655  1
6090 7656  1
310 7659  1
510 7659  1
4443 7659  1
3262 7660  1
6039 7660  1
4295 7662  1
2529 7663  1
7625 7665  1
2601 7667  1
6126 7668  1
2520 7670  1
2038 7671  1
4738 7672  1
1718 7674  1
1335 7676  1
2912 7677  1
136 7679  1
3535 7679  1
6387 7679  1
7328 7680  1
7592 7680  1
28 7681  1
2590 7682  1
4271 7682  1
7481 7682  1
851 7683  1
2120 7683  1
5557 7683  1
7132 7685  1
508 7688  1
837 7688  1
1030 7688  1
5868 7688  1
1502 7691  1
2313 7691  1
4745 7693  1
6712 7693  1
963 7694  1
3704 7694  1
4272 7694  1
5502 7696  1
726 7697  1
3723 7697  1
4897 7697  1
836 7698  1
2860 7699  1
3303 7699  1
5851 7702  1
3130 7703  1
7219 7705  1
7464 7705  1
6463 7706  1
6550 7708  1
779 7711  1
5452 7712  1
6260 7712  1
2143 7713  1
4793 7714  1
5785 7714  1
3833 7715  1
1142 7717  1
2272 7717  1
4368 7721  1
6488 7721  1
1473 7723  1
3014 7723  1
5217 7723  1
569 7724  1
1382 7724  1
5263 7725  1
2629 7726  1
2671 7727  1
5009 7727  1
3880 7730  1
6805 7730  1
4540 7731  1
6498 7731  1
6692 7731  1
1000 7733  1
5214 7733  1
801 7735  1
7082 7735  1
1082 7737  1
1558 7737  1
4538 7740  1
7579 7740  1
2262 7741  1
7009 7742  1
5747 7743  1
6412 7743  1
5696 7744  1
5943 7744  1
3320 7745  1
5683 7745  1
4220 7746  1
5104 7746  1
292 7748  1
4105 7748  1
1222 7749  1
1619 7749  1
5807 7749  1
162 7752  1
6510 7752  1
3613 7753  1
564 7754  1
7003 7756  1
5198 7757  1
3389 7758  1
4213 7758  1
7126 7758  1
3135 7759  1
3583 7759  1
6426 7760  1
653 7761  1
2608 7763  1
7407 7763  1
3748 7764  1
2234 7765  1
3085 7765  1
1246 7766  1
5559 7768  1
3847 7770  1
702 7771  1
843 7774  1
5360 7774  1
701 7778  1
7063 7779  1
366 7780  1
523 7780  1
2150 7780  1
4174 7782  1
5777 7782  1
7313 7783  1
2275 7785  1
7313 7786  1
1520 7788  1
2534 7788  1
7453 7788  1
1512 7789  1
5899 7790  1
4826 7794  1
6038 7795  1
4687 7797  1
2639 7798  1
6023 7801  1
178 7803  1
6878 7806  1
2349 7807  1
2885 7807  1
1572 7808  1
4459 7809  1
5522 7809  1
736 7810  1
1112 7812  1
5469 7812  1
2326 7813  1
1886 7816  1
6861 7816  1
4272 7817  1
4352 7817  1
3505 7818  1
4747 7819  1
3235 7820  1
3713 7820  1
840 7821  1
1916 7821  1
1844 7823  1
753 7824  1
7045 7826  1
6312 7827  1
6018 7828  1
7491 7828  1
1437 7830  1
3256 7831  1
6350 7831  1
7578 7831  1
7762 7832  1
1947 7833  1
585 7834  1
178 7837  1
2710 7837  1
3793 7840  1
4482 7840  1
845 7841  1
890 7841  1
2921 7843  1
7827 7845  1
3163 7846  1
5687 7846  1
2347 7850  1
6187 7851  1
6994 7853  1
3221 7854  1
4708 7855  1
2707 7857  1
2880 7857  1
3108 7857  1
3315 7857  1
2435 7858  1
4457 7859  1
4856 7859  1
6983 7859  1
7056 7860  1
7290 7861  1
4297 7863  1
5537 7863  1
636 7864  1
4065 7864  1
6036 7864  1
5761 7865  1
4421 7869  1
7742 7869  1
7832 7870  1
1964 7871  1
4782 7872  1
3311 7873  1
4465 7874  1
4201 7875  1
2338 7876  1
5573 7878  1
3068 7879  1
3751 7879  1
3550 7880  1
4312 7880  1
3664 7882  1
57 7888  1
1836 7888  1
5427 7889  1
2456 7891  1
4613 7891  1
6848 7891  1
2851 7893  1
5399 7896  1
1294 7897  1
4865 7897  1
3531 7898  1
985 7900  1
202 7902  1
6438 7903  1
6306 7906  1
4051 7907  1
3504 7909  1
2704 7910  1
275 7911  1
3030 7912  1
7468 7913  1
706 7914  1
6736 7915  1
1680 7917  1
754 7918  1
3663 7918  1
850 7920  1
3842 7921  1
6995 7921  1
7294 7922  1
7501 7922  1
3021 7924  1
4167 7925  1
5826 7925  1
7106 7928  1
7530 7928  1
5043 7929  1
1196 7932  1
2985 7932  1
3442 7932  1
6344 7933  1
1301 7934  1
4078 7935  1
1328 7937  1
7609 7939  1
4085 7941  1
4140 7941  1
2937 7944  1
1334 7945  1
2769 7946  1
7681 7947  1
5353 7948  1
6697 7948  1
1101 7949  1
6395 7952  1
6683 7952  1
6962 7952  1
535 7954  1
1677 7954  1
4235 7954  1
535 7955  1
1207 7956  1
3550 7956  1
5690 7956  1
766 7957  1
6551 7957  1
1169 7958  1
4797 7958  1
1798 7960  1
7057 7960  1
2884 7961  1
3306 7961  1
5733 7961  1
1660 7963  1
2716 7963  1
7881 7963  1
6875 7964  1
95 7967  1
7839 7967  1
6683 7968  1
7276 7969  1
6360 7970  1
6865 7971  1
4504 7975  1
184 7977  1
1161 7977  1
6168 7978  1
7248 7979  1
1513 7981  1
3154 7981  1
4143 7981  1
7917 7983  1
680 7984  1
7211 7984  1
1932 7985  1
6264 7985  1
6564 7987  1
4798 7989  1
1165 7991  1
826 7992  1
884 7994  1
568 7995  1
1976 7996  1
5109 7996  1
7719 7998  1
4659 7999  1
